Databases Count ID	Local Cooperative Agreements	State Licensed Databases
1	0	49
2	14	49
3	0	49
4	138	49
5	1	49
6	1	49
7	0	49
8	0	49
9	0	49
10	1	49
11	0	49
12	0	0
13	1	49
14	1	49
15	2	49
16	34	49
17	0	49
18	1	49
19	0	49
20	0	49
21	0	49
22	0	49
23	6	49
24	0	49
25	11	49
26	0	49
27	1	49
28	4	49
29	0	49
30	210	49
31	1	49
32	0	49
33	0	49
34	0	49
35	0	49
36	0	49
37	0	49
38	0	49
39	0	49
40	0	49
41	0	49
42	2	49
43	0	49
44	5	49
45	2	49
46	0	49
47	0	49
48	1	49
49	1	49
50	0	49
51	0	49
52	0	49
53	239	49
54	2	49
55	1	49
56	2	49
57	0	49
58	0	49
59	0	49
60	0	49
61	10	49
62	0	49
63	1	49
64	0	49
65	0	49
66	0	49
67	0	49
68	1	49
69	0	49
70	0	49
71	0	49
72	0	49
73	0	49
74	0	49
75	0	49
76	0	49
77	0	49
78	0	49
79	1	49
80	0	49
81	0	49
82	0	49
83	0	49
84	0	49
85	0	49
86	0	57
87	0	57
88	0	57
89	0	57
90	0	57
91	0	57
92	1	57
93	0	57
94	0	57
95	2	57
96	0	57
97	1	57
98	0	57
99	1	57
100	0	57
101	0	57
102	1	57
103	0	57
104	-3	-3
105	0	57
106	0	57
107	0	57
108	0	57
109	0	57
110	0	57
111	0	57
112	0	57
113	2	57
114	0	57
115	1	57
116	0	57
117	0	57
118	2	57
119	2	57
120	0	57
121	0	57
122	0	57
123	0	57
124	0	57
125	0	57
126	0	57
127	2	70
128	0	57
129	0	57
130	5	57
131	5	57
132	0	57
133	0	57
134	0	57
135	2	57
136	5	57
137	1	57
138	0	57
139	3	57
140	2	57
141	10	57
142	0	57
143	0	57
144	0	57
145	0	57
146	0	57
147	0	57
148	0	57
149	0	57
150	0	57
151	0	57
152	2	57
153	1	57
154	1	57
155	1	57
156	0	57
157	8	57
158	5	57
159	6	57
160	4	57
161	0	57
162	0	57
163	0	57
164	9	57
165	2	57
166	1	57
167	8	57
168	2	57
169	2	57
170	2	57
171	2	57
172	6	57
173	9	57
174	2	57
175	2	57
176	1	57
177	2	57
178	2	57
179	2	57
180	5	57
181	4	57
182	1	57
183	35	57
184	3	57
185	0	57
186	0	57
187	1	57
188	0	57
189	2	57
190	5	57
191	1	57
192	6	57
193	0	57
194	3	57
195	2	57
196	0	57
197	0	57
198	0	57
199	2	57
200	8	57
201	1	57
202	8	57
203	8	57
204	7	57
205	7	57
206	7	57
207	7	57
208	7	57
209	2	57
210	7	57
211	2	57
212	0	57
213	0	57
214	0	57
215	0	57
216	0	57
217	0	57
218	4	57
219	1	57
220	3	57
221	0	57
222	0	57
223	1	57
224	0	57
225	0	57
226	0	57
227	15	57
228	57	57
229	69	57
230	0	57
231	0	57
232	0	57
233	0	57
234	0	57
235	16	57
236	0	57
237	6	57
238	0	57
239	3	57
240	410	57
241	0	57
242	0	57
243	0	57
244	1	57
245	7	57
246	1	57
247	0	57
248	0	57
249	0	57
250	3	57
251	3	57
252	0	57
253	22	57
254	29	57
255	0	57
256	0	57
257	0	57
258	0	57
259	2	57
260	0	57
261	0	57
262	2	57
263	10	70
264	6	57
265	0	57
266	3	57
267	5	57
268	2	57
269	0	57
270	0	57
271	2	57
272	0	57
273	0	57
274	1	57
275	0	57
276	0	57
277	0	57
278	0	57
279	5	57
280	0	57
281	0	57
282	0	57
283	0	57
284	0	57
285	0	57
286	0	57
287	0	57
288	8	57
289	0	57
290	0	57
291	1	57
292	0	57
293	0	57
294	0	57
295	0	57
296	3	57
297	0	57
298	0	57
299	0	57
300	0	57
301	0	57
302	2	57
303	0	57
304	0	57
305	0	57
306	0	57
307	0	57
308	0	57
309	0	57
310	53	52
311	18	52
312	0	52
313	1	52
314	3	52
315	13	52
316	3	52
317	14	52
318	20	52
319	4	52
320	64	52
321	9	52
322	4	52
323	0	52
324	0	52
325	15	52
326	5	52
327	11	52
328	4	52
329	5	52
330	0	52
331	5	52
332	4	52
333	1	52
334	4	52
335	57	52
336	2	52
337	15	52
338	2	52
339	18	52
340	11	52
341	0	52
342	0	52
343	0	52
344	0	52
345	0	52
346	38	52
347	28	52
348	7	52
349	4	52
350	8	52
351	0	52
352	0	52
353	0	52
354	3	52
355	0	52
356	0	52
357	23	52
358	0	52
359	0	52
360	86	52
361	0	52
362	0	52
363	1	52
364	0	52
365	0	52
366	0	52
367	0	52
368	6	27
369	8	27
370	0	27
371	4	27
372	1	27
373	21	27
374	14	27
375	1	27
376	34	27
377	13	27
378	16	27
379	37	27
380	10	27
381	11	27
382	1	27
383	7	27
384	7	27
385	23	27
386	14	27
387	35	27
388	1	27
389	2	27
390	5	27
391	38	27
392	0	27
393	2	27
394	3	27
395	30	27
396	14	27
397	8	27
398	0	27
399	0	27
400	1	27
401	23	27
402	0	27
403	1	27
404	0	27
405	6	27
406	9	27
407	5	27
408	4	27
409	14	27
410	15	27
411	0	27
412	0	27
413	19	27
414	4	27
415	8	27
416	4	27
417	4	27
418	6	27
419	0	27
420	2	27
421	8	27
422	13	27
423	13	27
424	13	27
425	13	27
426	14	27
427	13	27
428	13	27
429	6	27
430	14	27
431	14	27
432	14	27
433	6	27
434	6	27
435	8	27
436	16	27
437	22	27
438	21	27
439	21	27
440	22	27
441	21	27
442	5	27
443	4	27
444	1	27
445	5	27
446	-3	-3
447	14	27
448	14	27
449	35	27
450	14	27
451	1	27
452	14	27
453	15	27
454	14	27
455	21	27
456	2	27
457	14	27
458	14	27
459	38	0
460	61	0
461	19	0
462	3	0
463	9	0
464	7	0
465	21	0
466	17	0
467	11	1
468	1	1
469	10	0
470	46	0
471	1	1
472	16	0
473	12	1
474	22	0
475	21	0
476	0	0
477	7	0
478	29	0
479	32	0
480	25	1
481	6	0
482	12	0
483	1	0
484	3	0
485	13	0
486	9	0
487	27	0
488	6	0
489	11	0
490	2	0
491	14	0
492	10	0
493	4	0
494	13	0
495	9	1
496	30	0
497	14	1
498	46	0
499	14	0
500	56	0
501	23	0
502	2	0
503	6	0
504	16	0
505	1	0
506	2	0
507	49	0
508	2	0
509	0	30
510	25	0
511	0	0
512	32	0
513	15	0
514	30	0
515	8	1
516	3	0
517	40	0
518	36	0
519	133	0
520	15	0
521	36	1
522	6	0
523	23	0
524	6	0
525	48	0
526	1	0
527	4	1
528	16	0
529	13	0
530	31	1
531	5	0
532	50	0
533	24	0
534	30	0
535	15	0
536	33	0
537	43	0
538	10	0
539	9	3
540	23	1
541	6	0
542	0	0
543	7	0
544	18	0
545	10	0
546	8	1
547	43	0
548	23	0
549	0	1
550	30	1
551	13	0
552	9	0
553	0	1
554	0	0
555	29	0
556	21	0
557	16	0
558	2	0
559	35	0
560	14	0
561	30	0
562	5	0
563	28	0
564	50	1
565	16	2
566	9	1
567	7	0
568	16	0
569	110	0
570	211	0
571	41	1
572	0	0
573	20	0
574	12	3
575	18	0
576	37	0
577	29	0
578	24	0
579	46	0
580	9	0
581	44	0
582	88	0
583	37	0
584	44	0
585	14	0
586	29	1
587	4	0
588	20	0
589	11	0
590	9	0
591	8	0
592	22	0
593	21	0
594	17	1
595	19	1
596	11	0
597	18	0
598	54	4
599	48	0
600	4	0
601	4	2
602	14	1
603	2	0
604	24	0
605	18	0
606	6	0
607	49	1
608	52	0
609	34	0
610	26	0
611	0	0
612	8	0
613	7	1
614	57	0
615	4	1
616	14	0
617	1	0
618	0	39
619	19	0
620	42	0
621	16	1
622	1	0
623	3	0
624	8	1
625	83	1
626	32	0
627	6	1
628	38	0
629	0	0
630	7	0
631	55	0
632	22	0
633	22	0
634	9	0
635	8	0
636	23	0
637	17	0
638	11	1
639	3	0
640	57	0
641	35	2
642	14	0
643	36	0
644	1	0
645	9	0
646	57	0
647	31	0
648	29	0
649	0	0
650	31	0
651	21	0
652	2	0
653	58	0
654	65	0
655	21	0
656	15	0
657	2	0
658	25	0
659	1	0
660	9	0
661	0	0
662	14	0
663	4	0
664	0	0
665	83	0
666	8	0
667	19	0
668	52	0
669	35	0
670	47	0
671	2	0
672	38	0
673	17	0
674	4	0
675	61	0
676	16	0
677	0	0
678	33	0
679	0	0
680	8	0
681	2	0
682	0	0
683	0	0
684	0	0
685	0	0
686	30	0
687	0	0
688	0	0
689	87	0
690	0	0
691	1	0
692	8	0
693	30	0
694	29	0
695	0	0
696	29	0
697	40	0
698	2	0
699	0	0
700	0	0
701	41	0
702	49	0
703	44	0
704	36	0
705	2	0
706	2	0
707	1	0
708	1	0
709	40	0
710	0	0
711	8	0
712	22	0
713	0	0
714	2	0
715	1	0
716	0	0
717	0	0
718	59	0
719	51	0
720	52	0
721	0	0
722	0	0
723	1	0
724	11	0
725	0	0
726	25	0
727	10	0
728	2	0
729	51	0
730	9	0
731	0	0
732	27	0
733	1	0
734	36	0
735	26	0
736	46	0
737	12	0
738	59	0
739	29	0
740	29	0
741	1	0
742	1	0
743	37	0
744	44	0
745	57	0
746	96	0
747	0	0
748	0	0
749	15	0
750	3	0
751	5	0
752	0	0
753	0	0
754	0	0
755	3	0
756	1	0
757	0	40
758	6	40
759	0	40
760	21	40
761	7	40
762	0	40
763	9	40
764	0	40
765	1	40
766	11	40
767	1	40
768	17	40
769	0	40
770	3	40
771	1	40
772	36	40
773	0	40
774	11	40
775	4	40
776	6	40
777	5	40
778	1	40
779	1	40
780	7	40
781	0	40
782	4	40
783	8	40
784	4	40
785	0	40
786	0	40
787	12	40
788	8	40
789	23	47
790	30	40
791	4	40
792	6	40
793	7	40
794	0	40
795	3	40
796	0	40
797	15	40
798	17	42
799	2	40
800	3	40
801	6	40
802	9	40
803	17	42
804	0	40
805	11	40
806	13	40
807	3	40
808	10	17
809	23	40
810	15	40
811	11	40
812	0	40
813	19	40
814	17	47
815	0	40
816	9	40
817	41	40
818	111	40
819	1	40
820	0	40
821	4	40
822	1	40
823	29	40
824	2	40
825	13	40
826	9	40
827	0	40
828	0	40
829	0	40
830	14	40
831	4	40
832	5	40
833	6	40
834	20	34
835	5	40
836	1	40
837	16	40
838	4	40
839	3	40
840	2	40
841	16	40
842	53	40
843	1	40
844	36	40
845	11	40
846	8	40
847	1	40
848	0	40
849	2	40
850	6	40
851	8	40
852	7	40
853	1	40
854	1	40
855	54	40
856	28	40
857	4	40
858	15	40
859	17	40
860	0	40
861	0	40
862	0	40
863	10	40
864	0	40
865	40	40
866	31	40
867	3	40
868	3	40
869	4	40
870	18	40
871	9	40
872	4	40
873	0	40
874	2	40
875	17	42
876	10	40
877	1	40
878	20	31
879	8	40
880	4	40
881	0	40
882	0	40
883	6	40
884	27	40
885	10	40
886	1	40
887	4	40
888	2	40
889	0	40
890	4	40
891	0	40
892	19	40
893	1	40
894	19	40
895	7	40
896	3	40
897	15	40
898	17	40
899	0	40
900	7	40
901	29	40
902	0	40
903	3	40
904	13	40
905	6	40
906	0	40
907	1	40
908	4	40
909	4	40
910	22	40
911	0	40
912	4	40
913	0	40
914	17	40
915	1	40
916	3	40
917	2	40
918	5	40
919	5	40
920	3	40
921	26	40
922	8	40
923	10	40
924	12	40
925	11	40
926	0	40
927	17	40
928	4	40
929	0	40
930	0	40
931	0	40
932	14	40
933	6	40
934	9	40
935	4	40
936	10	40
937	10	16
938	13	40
939	0	40
940	10	16
941	11	40
942	6	40
943	1	40
944	0	40
945	0	40
946	21	28
947	18	44
948	1	40
949	74	0
950	3	31
951	3	31
952	0	31
953	3	31
954	4	31
955	3	31
956	3	31
957	3	31
958	10	31
959	3	31
960	3	31
961	2	31
962	0	31
963	3	31
964	0	31
965	0	31
966	3	31
967	3	31
968	3	31
969	0	31
970	2	31
971	24	59
972	19	59
973	8	59
974	34	59
975	8	59
976	7	59
977	0	59
978	33	59
979	4	59
980	2	59
981	4	59
982	8	59
983	2	59
984	23	59
985	9	59
986	7	59
987	0	59
988	0	59
989	48	59
990	1	59
991	66	59
992	4	59
993	7	59
994	124	59
995	15	59
996	636	59
997	1	59
998	108	59
999	23	59
1000	15	59
1001	49	59
1002	11	59
1003	5	59
1004	6	59
1005	10	59
1006	32	59
1007	4	59
1008	16	59
1009	10	59
1010	16	59
1011	9	59
1012	32	59
1013	3	59
1014	11	59
1015	23	59
1016	0	59
1017	0	59
1018	11	59
1019	10	59
1020	5	59
1021	2	59
1022	14	59
1023	1	59
1024	4	59
1025	10	59
1026	18	59
1027	0	59
1028	5	59
1029	26	59
1030	4	59
1031	38	59
1032	4	59
1033	6	59
1034	2	59
1035	2	59
1036	4	59
1037	1	59
1038	3	59
1039	2	59
1040	24	59
1041	0	59
1042	9	59
1043	8	59
1044	47	59
1045	0	59
1046	70	59
1047	0	59
1048	17	59
1049	0	59
1050	17	59
1051	1	59
1052	2	59
1053	1	165
1054	1	165
1055	0	165
1056	13	165
1057	0	165
1058	0	165
1059	0	165
1060	11	165
1061	0	165
1062	0	165
1063	10	165
1064	12	165
1065	14	165
1066	0	165
1067	1	165
1068	4	165
1069	0	165
1070	0	165
1071	14	165
1072	0	165
1073	0	165
1074	22	165
1075	0	165
1076	2	165
1077	27	165
1078	0	165
1079	0	165
1080	1	165
1081	6	165
1082	0	165
1083	1	165
1084	0	165
1085	0	165
1086	0	165
1087	0	165
1088	2	165
1089	0	165
1090	0	165
1091	12	165
1092	18	165
1093	0	165
1094	10	165
1095	0	165
1096	0	165
1097	3	165
1098	1	165
1099	0	165
1100	0	165
1101	0	165
1102	1	165
1103	0	165
1104	0	165
1105	1	165
1106	15	165
1107	0	165
1108	43	165
1109	6	165
1110	0	165
1111	0	165
1112	0	165
1113	0	165
1114	2	165
1115	0	165
1116	0	94
1117	4	17
1118	0	0
1119	0	16
1120	0	0
1121	0	17
1122	1	13
1123	0	17
1124	0	13
1125	10	17
1126	1	16
1127	8	17
1128	3	27
1129	0	14
1130	0	17
1131	0	17
1132	0	16
1133	0	17
1134	0	17
1135	0	17
1136	1	12
1137	3	16
1138	3	17
1139	0	16
1140	0	0
1141	20	17
1142	0	14
1143	2	14
1144	0	13
1145	0	13
1146	0	17
1147	4	17
1148	1	13
1149	1	16
1150	0	17
1151	0	17
1152	0	13
1153	10	17
1154	12	17
1155	0	17
1156	0	13
1157	0	14
1158	1	1
1159	13	3
1160	0	17
1161	2	17
1162	0	4
1163	2	16
1164	0	17
1165	28	17
1166	20	17
1167	0	13
1168	3	17
1169	0	16
1170	0	16
1171	3	17
1172	0	17
1173	7	17
1174	0	14
1175	0	0
1176	3	17
1177	5	16
1178	0	14
1179	1	16
1180	1	16
1181	2	17
1182	3	17
1183	12	17
1184	6	17
1185	0	4
1186	0	3
1187	7	16
1188	12	3
1189	7	17
1190	0	17
1191	1	17
1192	0	0
1193	1	17
1194	0	17
1195	2	17
1196	2	13
1197	1	17
1198	0	16
1199	2	16
1200	0	17
1201	0	3
1202	1	3
1203	9	17
1204	0	17
1205	6	17
1206	0	16
1207	3	17
1208	2	16
1209	2	13
1210	0	0
1211	5	17
1212	0	17
1213	0	17
1214	1	17
1215	6	17
1216	0	13
1217	0	17
1218	0	17
1219	1	13
1220	1	4
1221	0	13
1222	3	17
1223	1	17
1224	0	4
1225	0	17
1226	0	17
1227	0	16
1228	3	27
1229	0	14
1230	1	17
1231	5	17
1232	0	0
1233	0	17
1234	3	17
1235	0	1
1236	11	17
1237	0	14
1238	2	4
1239	4	17
1240	0	16
1241	0	3
1242	0	16
1243	1	17
1244	0	16
1245	1	17
1246	0	17
1247	1	17
1248	0	13
1249	0	17
1250	0	13
1251	0	17
1252	0	0
1253	0	0
1254	0	13
1255	13	16
1256	19	17
1257	3	16
1258	1	12
1259	8	17
1260	16	3
1261	13	17
1262	19	17
1263	4	3
1264	4	17
1265	1	14
1266	0	16
1267	5	17
1268	0	17
1269	5	17
1270	0	16
1271	0	16
1272	0	13
1273	5	17
1274	2	17
1275	4	17
1276	1	16
1277	2	0
1278	0	13
1279	0	14
1280	1	16
1281	0	13
1282	1	17
1283	3	17
1284	0	14
1285	0	13
1286	1	16
1287	0	17
1288	10	17
1289	1	16
1290	3	17
1291	0	0
1292	4	17
1293	0	0
1294	6	17
1295	0	4
1296	0	13
1297	0	13
1298	0	3
1299	1	4
1300	0	13
1301	3	17
1302	2	17
1303	0	17
1304	1	14
1305	0	17
1306	1	16
1307	0	16
1308	2	17
1309	10	17
1310	0	0
1311	0	0
1312	1	12
1313	0	4
1314	0	0
1315	0	0
1316	3	17
1317	0	13
1318	4	17
1319	0	17
1320	1	17
1321	0	0
1322	1	12
1323	3	17
1324	0	0
1325	0	17
1326	10	17
1327	9	3
1328	1	17
1329	0	13
1330	0	17
1331	0	17
1332	16	17
1333	0	3
1334	0	13
1335	0	16
1336	6	3
1337	2	4
1338	0	0
1339	0	3
1340	0	0
1341	0	17
1342	0	16
1343	2	28
1344	0	13
1345	0	17
1346	0	13
1347	3	17
1348	0	13
1349	0	16
1350	2	17
1351	0	14
1352	4	17
1353	0	1
1354	0	3
1355	0	17
1356	0	13
1357	0	0
1358	7	17
1359	0	17
1360	1	17
1361	0	17
1362	1	13
1363	0	16
1364	2	13
1365	0	16
1366	1	17
1367	0	17
1368	0	17
1369	9	17
1370	0	17
1371	0	13
1372	0	17
1373	0	16
1374	0	4
1375	0	4
1376	0	14
1377	2	17
1378	2	17
1379	0	16
1380	4	17
1381	2	17
1382	0	14
1383	0	17
1384	0	17
1385	0	16
1386	0	17
1387	1	16
1388	0	17
1389	0	17
1390	4	14
1391	6	17
1392	0	17
1393	0	17
1394	2	16
1395	12	17
1396	0	14
1397	3	1
1398	0	16
1399	0	0
1400	0	17
1401	0	0
1402	0	13
1403	0	17
1404	0	13
1405	0	0
1406	0	13
1407	0	0
1408	0	13
1409	0	16
1410	0	13
1411	3	14
1412	0	0
1413	0	13
1414	0	16
1415	0	14
1416	0	16
1417	0	17
1418	1	16
1419	0	3
1420	0	13
1421	0	13
1422	1	17
1423	4	17
1424	0	13
1425	1	17
1426	0	17
1427	0	16
1428	0	16
1429	14	17
1430	10	17
1431	0	17
1432	1	17
1433	1	17
1434	0	16
1435	11	16
1436	3	16
1437	1	17
1438	9	17
1439	2	16
1440	2	16
1441	0	13
1442	9	17
1443	0	16
1444	1	17
1445	0	17
1446	0	0
1447	0	13
1448	0	17
1449	1	17
1450	0	13
1451	1	17
1452	0	5
1453	1	17
1454	0	17
1455	0	13
1456	3	17
1457	24	17
1458	27	17
1459	12	17
1460	4	13
1461	3	13
1462	2	17
1463	1	16
1464	0	13
1465	3	16
1466	1	17
1467	1	17
1468	1	17
1469	0	17
1470	1	3
1471	0	17
1472	0	17
1473	1	17
1474	2	17
1475	3	17
1476	26	17
1477	8	17
1478	0	0
1479	0	13
1480	0	13
1481	11	17
1482	1	16
1483	9	16
1484	0	16
1485	0	0
1486	0	17
1487	0	16
1488	0	16
1489	0	17
1490	0	17
1491	0	0
1492	0	17
1493	0	3
1494	1	17
1495	0	0
1496	0	3
1497	1	17
1498	1	17
1499	0	17
1500	0	17
1501	0	14
1502	10	17
1503	0	16
1504	0	17
1505	7	13
1506	3	17
1507	0	16
1508	0	17
1509	1	17
1510	1	4
1511	0	17
1512	0	0
1513	0	13
1514	0	17
1515	0	17
1516	5	16
1517	6	17
1518	0	17
1519	0	17
1520	0	16
1521	0	13
1522	0	0
1523	5	17
1524	0	13
1525	3	13
1526	1	16
1527	1	17
1528	2	16
1529	0	1
1530	0	16
1531	24	17
1532	9	17
1533	0	16
1534	0	13
1535	1	17
1536	3	17
1537	2	16
1538	1	17
1539	0	13
1540	0	0
1541	0	13
1542	2	3
1543	0	17
1544	1	0
1545	2	17
1546	0	14
1547	2	17
1548	9	17
1549	0	13
1550	0	16
1551	0	16
1552	1	17
1553	18	17
1554	0	13
1555	0	16
1556	3	17
1557	2	17
1558	8	17
1559	2	13
1560	16	17
1561	1	4
1562	1	17
1563	0	17
1564	1	17
1565	2	16
1566	5	17
1567	0	13
1568	4	17
1569	0	1
1570	1	3
1571	1	15
1572	6	17
1573	7	17
1574	4	17
1575	0	0
1576	0	17
1577	0	14
1578	2	17
1579	0	17
1580	0	16
1581	1	17
1582	0	0
1583	0	16
1584	1	13
1585	4	16
1586	2	13
1587	2	28
1588	0	13
1589	2	14
1590	0	17
1591	0	17
1592	1	17
1593	0	17
1594	1	17
1595	0	17
1596	1	13
1597	1	3
1598	0	13
1599	0	0
1600	0	13
1601	0	16
1602	1	16
1603	0	16
1604	0	0
1605	1	13
1606	1	17
1607	0	16
1608	0	17
1609	2	28
1610	0	13
1611	0	3
1612	2	13
1613	1	12
1614	0	17
1615	0	16
1616	0	16
1617	0	17
1618	0	13
1619	0	17
1620	0	17
1621	1	13
1622	0	17
1623	1	0
1624	0	14
1625	1	12
1626	1	12
1627	0	4
1628	2	28
1629	0	0
1630	0	0
1631	2	28
1632	10	17
1633	0	17
1634	0	17
1635	0	0
1636	0	13
1637	0	0
1638	0	0
1639	0	16
1640	0	0
1641	1	4
1642	0	17
1643	1	17
1644	2	28
1645	0	0
1646	0	17
1647	0	13
1648	10	17
1649	4	16
1650	3	17
1651	2	0
1652	5	17
1653	0	13
1654	1	17
1655	0	3
1656	0	0
1657	2	28
1658	1	0
1659	0	13
1660	0	51
1661	0	51
1662	0	51
1663	20	51
1664	5	51
1665	0	51
1666	1	51
1667	6	51
1668	3	51
1669	0	51
1670	0	51
1671	1	51
1672	7	51
1673	2	51
1674	0	51
1675	0	51
1676	32	51
1677	0	51
1678	0	51
1679	0	51
1680	0	51
1681	1	51
1682	0	51
1683	6	51
1684	2	51
1685	0	51
1686	0	51
1687	0	51
1688	0	51
1689	4	51
1690	0	51
1691	0	51
1692	0	51
1693	0	51
1694	0	51
1695	0	51
1696	0	51
1697	1	51
1698	0	51
1699	0	51
1700	1	51
1701	2	51
1702	0	51
1703	0	51
1704	0	51
1705	6	51
1706	0	51
1707	0	51
1708	2	51
1709	0	51
1710	1	51
1711	2	51
1712	10	51
1713	9	51
1714	3	51
1715	3	51
1716	0	51
1717	0	51
1718	0	51
1719	1	51
1720	0	51
1721	4	51
1722	0	51
1723	0	51
1724	1	51
1725	0	51
1726	0	51
1727	2	51
1728	0	51
1729	0	51
1730	7	51
1731	0	51
1732	2	51
1733	0	51
1734	0	51
1735	3	51
1736	0	51
1737	0	51
1738	0	51
1739	1	51
1740	0	51
1741	0	51
1742	1	51
1743	7	51
1744	4	51
1745	16	51
1746	0	51
1747	0	51
1748	0	51
1749	1	51
1750	0	51
1751	5	51
1752	0	51
1753	1	51
1754	0	51
1755	0	51
1756	1	51
1757	1	51
1758	1	51
1759	5	51
1760	0	51
1761	0	51
1762	1	51
1763	0	22
1764	18	22
1765	30	22
1766	3	22
1767	21	22
1768	4	22
1769	41	22
1770	15	22
1771	0	22
1772	4	22
1773	1	22
1774	13	22
1775	3	22
1776	25	22
1777	3	22
1778	82	22
1779	3	22
1780	5	22
1781	0	22
1782	2	22
1783	2	22
1784	0	22
1785	0	22
1786	0	22
1787	6	22
1788	0	22
1789	67	22
1790	0	22
1791	6	22
1792	47	22
1793	0	22
1794	24	22
1795	31	22
1796	1	22
1797	1	22
1798	14	22
1799	11	22
1800	10	22
1801	0	22
1802	4	22
1803	17	22
1804	19	22
1805	0	22
1806	16	22
1807	10	22
1808	0	22
1809	51	22
1810	63	22
1811	8	22
1812	0	22
1813	3	22
1814	8	22
1815	0	22
1816	4	22
1817	3	22
1818	31	22
1819	6	22
1820	13	22
1821	49	22
1822	0	22
1823	3	22
1824	0	22
1825	1	22
1826	3	22
1827	3	22
1828	0	22
1829	12	22
1830	0	22
1831	10	22
1832	0	22
1833	4	22
1834	24	22
1835	2	22
1836	14	22
1837	1	22
1838	39	22
1839	5	22
1840	12	22
1841	3	22
1842	23	22
1843	0	22
1844	4	22
1845	2	22
1846	1	22
1847	0	22
1848	0	22
1849	7	22
1850	36	22
1851	4	22
1852	18	22
1853	0	22
1854	2	22
1855	10	22
1856	3	22
1857	69	22
1858	9	22
1859	25	22
1860	0	22
1861	3	22
1862	0	22
1863	44	22
1864	0	22
1865	27	22
1866	0	22
1867	0	22
1868	28	22
1869	0	22
1870	1	22
1871	48	22
1872	1	22
1873	82	22
1874	4	22
1875	0	22
1876	0	22
1877	1	22
1878	8	22
1879	2	22
1880	34	22
1881	0	22
1882	0	22
1883	0	22
1884	29	22
1885	43	22
1886	6	22
1887	29	22
1888	0	22
1889	30	22
1890	27	22
1891	0	22
1892	1	22
1893	75	22
1894	36	22
1895	0	22
1896	7	22
1897	1	22
1898	2	22
1899	0	22
1900	51	22
1901	28	22
1902	14	22
1903	2	22
1904	0	22
1905	0	22
1906	3	22
1907	0	22
1908	1	22
1909	0	22
1910	31	22
1911	7	22
1912	63	22
1913	70	22
1914	25	22
1915	5	22
1916	0	22
1917	61	22
1918	3	22
1919	0	22
1920	16	22
1921	65	22
1922	0	22
1923	45	22
1924	1	22
1925	2	22
1926	10	22
1927	39	22
1928	0	22
1929	14	22
1930	2	22
1931	1	22
1932	0	22
1933	20	22
1934	2	22
1935	0	22
1936	2	22
1937	7	22
1938	4	22
1939	15	22
1940	0	22
1941	0	22
1942	21	22
1943	7	22
1944	43	22
1945	2	22
1946	1	22
1947	34	22
1948	1	22
1949	31	22
1950	7	22
1951	28	22
1952	44	22
1953	9	22
1954	12	22
1955	2	22
1956	1	22
1957	68	22
1958	2	22
1959	1	22
1960	2	22
1961	2	22
1962	2	22
1963	0	22
1964	29	22
1965	46	22
1966	22	22
1967	81	22
1968	38	22
1969	1	22
1970	17	22
1971	26	22
1972	1	22
1973	41	22
1974	2	22
1975	11	22
1976	0	22
1977	1	22
1978	3	22
1979	2	22
1980	1	22
1981	1	22
1982	2	22
1983	16	22
1984	0	22
1985	1	22
1986	8	22
1987	4	22
1988	25	22
1989	2	22
1990	2	22
1991	0	22
1992	2	22
1993	2	22
1994	15	22
1995	45	22
1996	1	22
1997	1	22
1998	22	22
1999	20	22
2000	21	22
2001	1	22
2002	25	22
2003	0	22
2004	22	22
2005	10	22
2006	4	22
2007	0	22
2008	37	22
2009	26	22
2010	8	22
2011	18	22
2012	14	22
2013	0	22
2014	25	22
2015	0	22
2016	7	22
2017	0	22
2018	9	22
2019	0	22
2020	14	22
2021	0	22
2022	0	22
2023	1	22
2024	0	22
2025	0	22
2026	49	22
2027	9	22
2028	0	22
2029	5	22
2030	38	22
2031	34	22
2032	1	22
2033	0	22
2034	1	22
2035	28	22
2036	13	22
2037	10	22
2038	0	22
2039	29	22
2040	2	22
2041	0	22
2042	4	22
2043	3	22
2044	41	22
2045	1	22
2046	1	22
2047	44	22
2048	0	22
2049	0	22
2050	10	22
2051	0	22
2052	5	22
2053	39	22
2054	0	22
2055	1	22
2056	0	22
2057	0	22
2058	0	22
2059	1	22
2060	0	22
2061	11	22
2062	6	22
2063	11	22
2064	0	22
2065	0	22
2066	1	22
2067	0	22
2068	0	22
2069	8	22
2070	4	22
2071	0	22
2072	0	22
2073	1	22
2074	6	22
2075	15	22
2076	0	22
2077	6	22
2078	0	22
2079	16	22
2080	13	22
2081	46	22
2082	0	22
2083	5	22
2084	0	22
2085	1	22
2086	0	22
2087	4	22
2088	43	22
2089	2	22
2090	0	22
2091	0	22
2092	0	22
2093	3	22
2094	1	22
2095	39	22
2096	21	22
2097	0	22
2098	17	22
2099	1	22
2100	7	22
2101	1	22
2102	0	22
2103	14	22
2104	56	22
2105	0	22
2106	0	22
2107	0	22
2108	3	22
2109	0	22
2110	55	22
2111	1	22
2112	3	22
2113	24	22
2114	7	22
2115	0	22
2116	8	22
2117	0	22
2118	69	22
2119	4	22
2120	0	22
2121	0	22
2122	0	22
2123	15	22
2124	1	22
2125	16	22
2126	0	22
2127	1	22
2128	106	22
2129	6	22
2130	0	22
2131	24	22
2132	2	22
2133	21	22
2134	7	22
2135	16	22
2136	17	22
2137	82	22
2138	6	22
2139	48	22
2140	21	22
2141	46	22
2142	2	22
2143	4	22
2144	33	22
2145	4	22
2146	0	22
2147	1	22
2148	0	22
2149	4	22
2150	2	22
2151	0	22
2152	2	22
2153	24	22
2154	11	22
2155	13	22
2156	49	22
2157	2	22
2158	97	22
2159	28	22
2160	0	22
2161	16	22
2162	29	22
2163	58	22
2164	0	22
2165	0	22
2166	1	22
2167	6	22
2168	0	22
2169	1	22
2170	9	22
2171	57	22
2172	0	22
2173	6	22
2174	7	22
2175	15	22
2176	1	22
2177	1	22
2178	2	22
2179	2	22
2180	48	22
2181	4	22
2182	1	22
2183	0	22
2184	29	22
2185	67	22
2186	3	22
2187	15	22
2188	0	22
2189	26	22
2190	0	22
2191	10	22
2192	14	22
2193	1	22
2194	28	22
2195	1	22
2196	24	22
2197	1	22
2198	3	22
2199	0	22
2200	2	22
2201	3	22
2202	3	22
2203	19	22
2204	0	22
2205	19	22
2206	72	22
2207	18	22
2208	0	22
2209	21	22
2210	1	22
2211	10	22
2212	0	22
2213	0	22
2214	2	22
2215	153	22
2216	1	22
2217	1	22
2218	3	22
2219	0	22
2220	12	22
2221	10	22
2222	105	22
2223	34	22
2224	0	22
2225	0	22
2226	2	22
2227	0	22
2228	0	22
2229	0	22
2230	0	22
2231	4	22
2232	0	22
2233	2	22
2234	25	22
2235	0	22
2236	1	22
2237	1	22
2238	64	22
2239	9	22
2240	1	22
2241	0	22
2242	24	22
2243	2	22
2244	0	22
2245	4	22
2246	36	22
2247	0	22
2248	2	22
2249	0	22
2250	10	22
2251	94	22
2252	43	22
2253	2	22
2254	1	22
2255	0	22
2256	1	22
2257	15	22
2258	2	22
2259	9	22
2260	16	22
2261	4	22
2262	1	22
2263	0	22
2264	47	22
2265	44	22
2266	2	22
2267	2	22
2268	28	22
2269	1	22
2270	0	22
2271	1	22
2272	16	22
2273	0	22
2274	40	22
2275	1	22
2276	0	22
2277	4	22
2278	36	22
2279	49	22
2280	0	22
2281	1	22
2282	2	22
2283	0	22
2284	0	22
2285	46	22
2286	0	22
2287	4	22
2288	1	22
2289	28	22
2290	1	22
2291	12	22
2292	0	22
2293	1	22
2294	2	22
2295	2	22
2296	24	22
2297	40	22
2298	0	22
2299	3	22
2300	19	22
2301	3	22
2302	2	22
2303	20	22
2304	14	22
2305	0	22
2306	0	22
2307	0	22
2308	0	22
2309	0	22
2310	38	22
2311	0	22
2312	2	22
2313	62	22
2314	1	22
2315	10	22
2316	29	22
2317	0	22
2318	59	22
2319	0	22
2320	4	22
2321	2	22
2322	66	22
2323	19	22
2324	1	22
2325	0	22
2326	61	22
2327	0	22
2328	47	22
2329	0	22
2330	37	22
2331	6	22
2332	47	22
2333	17	22
2334	0	22
2335	12	22
2336	0	22
2337	1	22
2338	6	22
2339	0	22
2340	27	22
2341	4	22
2342	0	22
2343	5	22
2344	0	22
2345	26	22
2346	19	22
2347	2	22
2348	1	22
2349	0	22
2350	4	22
2351	10	22
2352	14	22
2353	26	22
2354	26	22
2355	17	22
2356	4	22
2357	3	22
2358	2	22
2359	3	22
2360	0	22
2361	3	22
2362	21	22
2363	39	22
2364	4	22
2365	5	22
2366	3	22
2367	51	22
2368	0	22
2369	2	22
2370	1	22
2371	2	22
2372	0	22
2373	0	22
2374	1	22
2375	4	22
2376	15	22
2377	1	22
2378	0	22
2379	0	22
2380	4	22
2381	1	22
2382	0	22
2383	0	22
2384	1	22
2385	0	22
2386	0	22
2387	2	22
2388	3	62
2389	28	62
2390	22	62
2391	42	62
2392	1	62
2393	7	62
2394	2	62
2395	2	62
2396	0	62
2397	11	62
2398	28	62
2399	0	62
2400	10	62
2401	2	62
2402	28	62
2403	0	62
2404	9	62
2405	6	62
2406	50	62
2407	15	62
2408	12	62
2409	4	62
2410	0	62
2411	12	62
2412	6	62
2413	4	62
2414	16	62
2415	5	62
2416	53	62
2417	14	62
2418	9	62
2419	0	62
2420	1	62
2421	0	62
2422	8	62
2423	6	62
2424	1	62
2425	1	62
2426	0	62
2427	16	62
2428	1	62
2429	1	62
2430	5	62
2431	0	62
2432	3	62
2433	8	62
2434	17	62
2435	4	62
2436	4	62
2437	0	62
2438	12	62
2439	23	62
2440	0	62
2441	21	62
2442	29	62
2443	0	62
2444	0	62
2445	4	62
2446	27	62
2447	20	62
2448	2	62
2449	0	62
2450	4	62
2451	0	62
2452	36	62
2453	29	62
2454	4	62
2455	532	62
2456	9	62
2457	6	62
2458	3	62
2459	2	62
2460	28	62
2461	29	62
2462	30	62
2463	29	62
2464	2	62
2465	5	62
2466	7	62
2467	38	62
2468	6	62
2469	2	62
2470	35	62
2471	5	62
2472	16	62
2473	0	62
2474	0	62
2475	0	62
2476	0	62
2477	1	62
2478	28	62
2479	1	62
2480	37	62
2481	0	62
2482	28	62
2483	0	62
2484	6	62
2485	28	62
2486	0	62
2487	1	62
2488	1	62
2489	36	62
2490	0	62
2491	0	62
2492	0	62
2493	0	62
2494	9	62
2495	23	62
2496	0	62
2497	1	62
2498	0	62
2499	0	62
2500	28	62
2501	3	62
2502	0	62
2503	4	62
2504	0	62
2505	28	62
2506	43	62
2507	65	62
2508	38	62
2509	5	62
2510	0	62
2511	0	62
2512	8	62
2513	1	62
2514	0	62
2515	9	62
2516	0	62
2517	28	62
2518	13	62
2519	16	62
2520	8	62
2521	0	62
2522	25	62
2523	0	62
2524	0	62
2525	0	62
2526	0	62
2527	1	62
2528	0	62
2529	28	62
2530	19	62
2531	0	62
2532	0	62
2533	0	62
2534	0	62
2535	2	62
2536	32	62
2537	38	62
2538	18	62
2539	3	62
2540	0	62
2541	0	62
2542	0	62
2543	0	62
2544	0	62
2545	0	62
2546	2	62
2547	3	62
2548	5	62
2549	0	62
2550	28	62
2551	8	62
2552	2	62
2553	0	62
2554	0	62
2555	30	62
2556	28	62
2557	32	62
2558	6	62
2559	2	62
2560	17	62
2561	16	62
2562	0	62
2563	9	62
2564	5	62
2565	0	62
2566	20	62
2567	28	62
2568	0	62
2569	36	62
2570	30	62
2571	28	62
2572	0	62
2573	10	62
2574	30	62
2575	4	62
2576	41	62
2577	0	62
2578	16	62
2579	0	62
2580	11	62
2581	6	62
2582	0	62
2583	26	62
2584	51	62
2585	6	62
2586	25	62
2587	0	62
2588	10	62
2589	48	62
2590	2	62
2591	38	62
2592	15	62
2593	3	62
2594	2	62
2595	10	62
2596	13	62
2597	10	62
2598	3	62
2599	15	62
2600	20	62
2601	21	62
2602	20	62
2603	28	62
2604	36	62
2605	6	62
2606	5	62
2607	0	62
2608	28	62
2609	0	62
2610	0	62
2611	15	62
2612	29	62
2613	4	62
2614	2	62
2615	28	62
2616	0	62
2617	3	62
2618	5	62
2619	0	62
2620	28	62
2621	31	62
2622	42	62
2623	35	62
2624	13	62
2625	0	52
2626	0	52
2627	0	52
2628	0	52
2629	6	52
2630	0	52
2631	0	52
2632	0	52
2633	0	52
2634	0	52
2635	0	52
2636	0	52
2637	2	52
2638	0	52
2639	0	52
2640	0	52
2641	0	52
2642	1	52
2643	0	52
2644	0	52
2645	0	52
2646	0	52
2647	0	52
2648	0	52
2649	0	52
2650	0	52
2651	0	52
2652	0	52
2653	0	52
2654	0	52
2655	0	52
2656	0	52
2657	0	52
2658	0	52
2659	0	52
2660	0	52
2661	0	52
2662	0	52
2663	0	52
2664	1	52
2665	0	52
2666	1	52
2667	1	52
2668	0	52
2669	0	52
2670	0	52
2671	0	52
2672	0	52
2673	0	52
2674	0	52
2675	1	52
2676	7	52
2677	14	52
2678	1	52
2679	0	52
2680	0	52
2681	0	52
2682	0	52
2683	0	52
2684	0	52
2685	0	52
2686	0	52
2687	0	52
2688	0	52
2689	0	52
2690	0	52
2691	1	52
2692	0	52
2693	0	52
2694	2	52
2695	0	52
2696	1	52
2697	0	52
2698	0	52
2699	0	52
2700	0	52
2701	2	52
2702	0	52
2703	0	52
2704	1	52
2705	0	52
2706	3	52
2707	1	52
2708	0	52
2709	0	52
2710	3	52
2711	3	52
2712	0	52
2713	7	52
2714	0	52
2715	1	52
2716	1	52
2717	0	52
2718	0	52
2719	0	52
2720	0	52
2721	0	52
2722	0	52
2723	0	52
2724	0	52
2725	0	52
2726	0	52
2727	0	52
2728	0	52
2729	1	52
2730	0	52
2731	0	52
2732	0	52
2733	0	52
2734	1	52
2735	0	52
2736	0	52
2737	0	52
2738	2	52
2739	1	52
2740	2	52
2741	2	52
2742	3	52
2743	4	52
2744	0	52
2745	0	52
2746	0	52
2747	1	52
2748	2	52
2749	3	52
2750	31	52
2751	8	52
2752	0	52
2753	80	52
2754	50	52
2755	0	52
2756	0	52
2757	0	52
2758	0	52
2759	0	52
2760	0	52
2761	0	52
2762	0	52
2763	0	52
2764	0	52
2765	0	52
2766	0	52
2767	0	52
2768	0	52
2769	0	52
2770	0	52
2771	0	52
2772	0	52
2773	1	52
2774	2	52
2775	0	52
2776	0	52
2777	1	52
2778	0	52
2779	31	52
2780	0	52
2781	0	52
2782	0	52
2783	0	52
2784	0	52
2785	0	52
2786	0	52
2787	0	52
2788	0	52
2789	0	52
2790	0	52
2791	0	52
2792	0	52
2793	0	52
2794	0	52
2795	0	52
2796	0	52
2797	0	52
2798	0	52
2799	0	52
2800	0	52
2801	0	52
2802	0	52
2803	1	52
2804	0	52
2805	0	52
2806	0	52
2807	0	52
2808	0	52
2809	0	52
2810	0	52
2811	1	52
2812	0	52
2813	0	52
2814	0	52
2815	0	52
2816	0	52
2817	0	52
2818	0	52
2819	1	52
2820	0	52
2821	0	52
2822	0	52
2823	0	52
2824	0	52
2825	0	52
2826	0	52
2827	1	52
2828	0	52
2829	0	52
2830	0	52
2831	0	52
2832	0	52
2833	0	52
2834	0	52
2835	1	52
2836	2	52
2837	0	52
2838	2	52
2839	3	52
2840	11	52
2841	0	52
2842	8	52
2843	13	52
2844	5	52
2845	0	52
2846	0	52
2847	0	52
2848	0	52
2849	0	52
2850	0	52
2851	8	52
2852	0	52
2853	1	52
2854	0	52
2855	0	52
2856	2	52
2857	0	52
2858	0	52
2859	0	52
2860	0	52
2861	0	52
2862	0	52
2863	12	52
2864	0	52
2865	0	52
2866	0	52
2867	0	52
2868	0	52
2869	0	52
2870	0	52
2871	0	52
2872	0	52
2873	2	52
2874	0	52
2875	1	52
2876	0	52
2877	1	52
2878	0	52
2879	2	52
2880	0	52
2881	0	52
2882	0	52
2883	0	52
2884	0	52
2885	1	52
2886	0	52
2887	0	52
2888	0	52
2889	0	52
2890	0	52
2891	1	52
2892	1	52
2893	3	52
2894	0	52
2895	0	52
2896	0	52
2897	0	52
2898	0	52
2899	1	52
2900	0	52
2901	1	52
2902	0	52
2903	1	52
2904	1	52
2905	0	52
2906	1	52
2907	0	52
2908	0	52
2909	0	52
2910	0	52
2911	0	52
2912	1	52
2913	0	52
2914	0	52
2915	0	52
2916	0	52
2917	1	52
2918	1	52
2919	0	52
2920	0	52
2921	0	52
2922	0	52
2923	1	52
2924	0	52
2925	1	52
2926	2	52
2927	5	52
2928	0	52
2929	1	52
2930	0	52
2931	2	52
2932	0	52
2933	1	52
2934	0	52
2935	0	52
2936	0	52
2937	0	52
2938	2	52
2939	0	52
2940	0	52
2941	1	52
2942	0	52
2943	0	52
2944	0	52
2945	0	52
2946	0	52
2947	0	52
2948	1	52
2949	0	52
2950	0	52
2951	0	52
2952	0	52
2953	3	32
2954	7	30
2955	17	30
2956	4	30
2957	6	30
2958	4	30
2959	31	30
2960	19	30
2961	64	30
2962	9	30
2963	6	16
2964	3	30
2965	10	30
2966	6	30
2967	1	30
2968	10	30
2969	12	30
2970	9	30
2971	1	30
2972	6	30
2973	19	30
2974	1	30
2975	2	30
2976	4	30
2977	0	30
2978	31	33
2979	1	30
2980	0	30
2981	6	30
2982	11	30
2983	5	30
2984	13	30
2985	21	30
2986	1	30
2987	3	30
2988	16	30
2989	4	30
2990	13	30
2991	4	30
2992	0	30
2993	5	30
2994	5	30
2995	10	30
2996	10	30
2997	2	30
2998	15	30
2999	10	30
3000	0	0
3001	3	30
3002	3	60
3003	24	30
3004	5	30
3005	223	30
3006	59	30
3007	0	35
3008	10	34
3009	2	30
3010	9	30
3011	5	30
3012	0	48
3013	8	48
3014	9	30
3015	7	30
3016	4	30
3017	0	30
3018	0	30
3019	10	30
3020	0	30
3021	2	30
3022	21	30
3023	5	30
3024	3	30
3025	23	30
3026	6	30
3027	1	30
3028	6	30
3029	0	30
3030	1	30
3031	10	30
3032	0	30
3033	1	45
3034	0	34
3035	8	30
3036	0	39
3037	12	30
3038	0	48
3039	1	30
3040	16	30
3041	39	30
3042	2	30
3043	4	30
3044	4	30
3045	33	30
3046	2	30
3047	35	30
3048	16	30
3049	1	30
3050	5	30
3051	21	30
3052	1	32
3053	7	30
3054	1	30
3055	7	30
3056	10	30
3057	5	30
3058	41	30
3059	1	30
3060	6	30
3061	0	30
3062	6	30
3063	2	30
3064	0	0
3065	0	30
3066	3	30
3067	11	30
3068	4	30
3069	0	30
3070	3	30
3071	0	30
3072	0	63
3073	20	63
3074	3	63
3075	1	63
3076	1	63
3077	21	63
3078	6	63
3079	2	63
3080	7	63
3081	0	63
3082	3	63
3083	4	63
3084	2	63
3085	3	63
3086	20	63
3087	3	63
3088	1	63
3089	3	63
3090	3	63
3091	15	63
3092	25	63
3093	6	63
3094	0	63
3095	6	63
3096	2	63
3097	2	63
3098	11	63
3099	11	63
3100	16	63
3101	6	63
3102	1	63
3103	0	63
3104	19	63
3105	2	63
3106	4	63
3107	25	63
3108	39	63
3109	12	63
3110	6	63
3111	20	63
3112	20	63
3113	23	63
3114	0	63
3115	15	63
3116	1	63
3117	38	63
3118	16	63
3119	20	63
3120	33	63
3121	3	63
3122	13	63
3123	12	63
3124	28	63
3125	18	63
3126	88	63
3127	0	63
3128	23	63
3129	10	63
3130	0	63
3131	0	63
3132	6	63
3133	1	63
3134	12	63
3135	2	63
3136	5	63
3137	1	63
3138	0	63
3139	0	63
3140	9	60
3141	11	60
3142	11	60
3143	15	60
3144	24	60
3145	9	60
3146	25	60
3147	35	60
3148	9	60
3149	21	60
3150	0	60
3151	10	60
3152	10	60
3153	8	60
3154	11	60
3155	16	60
3156	12	60
3157	15	60
3158	12	60
3159	5	60
3160	10	60
3161	0	60
3162	22	60
3163	16	60
3164	15	60
3165	40	60
3166	6	60
3167	11	60
3168	12	60
3169	27	60
3170	9	60
3171	15	60
3172	1	60
3173	12	60
3174	181	60
3175	20	60
3176	10	60
3177	10	60
3178	12	60
3179	23	60
3180	22	60
3181	7	60
3182	0	60
3183	26	60
3184	10	60
3185	24	60
3186	10	60
3187	19	60
3188	33	60
3189	9	60
3190	6	60
3191	11	60
3192	6	60
3193	12	60
3194	15	60
3195	6	60
3196	69	60
3197	10	60
3198	10	60
3199	28	60
3200	11	60
3201	10	60
3202	16	60
3203	9	60
3204	10	60
3205	22	60
3206	0	60
3207	0	60
3208	15	60
3209	32	60
3210	6	60
3211	25	60
3212	11	60
3213	10	60
3214	18	60
3215	10	60
3216	11	60
3217	15	60
3218	10	60
3219	6	60
3220	27	60
3221	8	60
3222	10	60
3223	21	60
3224	18	60
3225	10	60
3226	12	60
3227	12	60
3228	0	60
3229	10	60
3230	7	60
3231	22	60
3232	23	60
3233	7	60
3234	24	60
3235	10	60
3236	69	60
3237	21	60
3238	23	60
3239	12	60
3240	10	60
3241	8	60
3242	8	60
3243	0	60
3244	23	60
3245	0	60
3246	0	60
3247	16	60
3248	12	60
3249	10	60
3250	10	60
3251	10	60
3252	6	60
3253	9	60
3254	13	60
3255	7	60
3256	18	60
3257	13	60
3258	10	60
3259	10	60
3260	0	60
3261	20	60
3262	19	60
3263	10	60
3264	18	60
3265	10	60
3266	9	60
3267	0	60
3268	6	60
3269	17	60
3270	10	60
3271	6	60
3272	10	60
3273	10	60
3274	13	60
3275	10	60
3276	20	60
3277	5	60
3278	0	60
3279	20	60
3280	12	60
3281	7	60
3282	12	60
3283	0	60
3284	15	60
3285	11	60
3286	10	60
3287	16	60
3288	22	60
3289	10	60
3290	30	60
3291	0	60
3292	25	60
3293	18	60
3294	22	60
3295	6	60
3296	13	60
3297	23	60
3298	25	60
3299	29	60
3300	73	60
3301	25	60
3302	6	60
3303	35	60
3304	8	60
3305	12	60
3306	12	60
3307	12	60
3308	7	60
3309	9	60
3310	10	60
3311	15	60
3312	6	60
3313	21	60
3314	19	60
3315	7	60
3316	14	60
3317	9	60
3318	0	60
3319	13	60
3320	20	60
3321	11	60
3322	10	60
3323	0	60
3324	13	60
3325	2	60
3326	14	60
3327	11	60
3328	10	60
3329	0	60
3330	0	60
3331	12	60
3332	15	60
3333	21	60
3334	14	60
3335	0	60
3336	10	60
3337	10	60
3338	6	60
3339	15	60
3340	43	60
3341	9	60
3342	16	60
3343	26	60
3344	9	60
3345	10	60
3346	8	60
3347	22	60
3348	15	60
3349	12	60
3350	10	60
3351	6	60
3352	5	60
3353	14	60
3354	12	60
3355	0	60
3356	12	60
3357	12	60
3358	10	60
3359	12	60
3360	19	60
3361	10	60
3362	27	60
3363	0	60
3364	20	60
3365	13	60
3366	0	60
3367	10	60
3368	0	60
3369	19	60
3370	0	60
3371	8	60
3372	31	60
3373	7	60
3374	14	60
3375	18	60
3376	9	60
3377	10	60
3378	11	60
3379	30	60
3380	8	60
3381	21	60
3382	10	60
3383	14	60
3384	5	60
3385	6	60
3386	10	60
3387	7	60
3388	0	60
3389	2	60
3390	0	60
3391	20	60
3392	8	60
3393	0	60
3394	5	60
3395	20	60
3396	12	60
3397	9	60
3398	14	60
3399	17	60
3400	10	60
3401	10	60
3402	12	60
3403	11	60
3404	34	60
3405	10	60
3406	10	60
3407	19	60
3408	18	60
3409	11	60
3410	10	60
3411	19	60
3412	13	60
3413	14	60
3414	17	60
3415	14	60
3416	11	60
3417	29	60
3418	15	60
3419	11	60
3420	14	60
3421	22	60
3422	10	60
3423	15	60
3424	38	60
3425	8	60
3426	20	60
3427	10	60
3428	16	60
3429	8	60
3430	0	60
3431	20	60
3432	13	60
3433	9	60
3434	8	60
3435	6	60
3436	13	60
3437	12	60
3438	20	60
3439	10	60
3440	16	60
3441	44	60
3442	10	60
3443	7	60
3444	11	60
3445	10	60
3446	30	60
3447	24	60
3448	18	60
3449	60	60
3450	13	60
3451	10	60
3452	10	60
3453	9	60
3454	11	60
3455	7	60
3456	21	60
3457	12	60
3458	10	60
3459	29	60
3460	12	60
3461	6	60
3462	10	60
3463	14	60
3464	17	60
3465	9	60
3466	28	60
3467	12	60
3468	10	60
3469	8	60
3470	10	60
3471	12	60
3472	14	60
3473	6	60
3474	10	60
3475	45	60
3476	0	60
3477	24	60
3478	15	60
3479	38	60
3480	11	60
3481	17	60
3482	0	60
3483	0	60
3484	14	60
3485	4	60
3486	6	60
3487	4	60
3488	6	60
3489	6	60
3490	0	60
3491	12	60
3492	8	60
3493	8	60
3494	8	60
3495	8	60
3496	6	60
3497	0	60
3498	0	60
3499	0	60
3500	6	60
3501	11	60
3502	0	60
3503	10	60
3504	10	60
3505	10	60
3506	14	60
3507	8	60
3508	0	60
3509	18	60
3510	18	9
3511	52	9
3512	57	9
3513	16	9
3514	20	9
3515	19	9
3516	13	9
3517	21	9
3518	0	9
3519	11	9
3520	25	9
3521	25	9
3522	44	9
3523	44	9
3524	17	9
3525	19	9
3526	42	9
3527	15	9
3528	1	9
3529	17	9
3530	17	9
3531	19	9
3532	17	9
3533	17	9
3534	66	0
3535	66	0
3536	66	0
3537	66	0
3538	66	0
3539	66	0
3540	66	0
3541	69	0
3542	66	0
3543	66	0
3544	66	0
3545	72	0
3546	68	0
3547	66	0
3548	69	0
3549	66	0
3550	74	0
3551	66	0
3552	72	1
3553	66	0
3554	66	0
3555	66	0
3556	66	0
3557	66	0
3558	66	0
3559	-3	-3
3560	67	0
3561	66	0
3562	66	0
3563	66	0
3564	66	0
3565	66	0
3566	66	0
3567	66	0
3568	66	0
3569	66	0
3570	69	0
3571	66	0
3572	66	0
3573	66	0
3574	66	0
3575	66	0
3576	66	0
3577	66	0
3578	66	0
3579	66	0
3580	66	0
3581	66	0
3582	66	0
3583	66	0
3584	66	0
3585	68	0
3586	66	0
3587	66	0
3588	66	0
3589	66	0
3590	66	0
3591	66	0
3592	66	0
3593	66	0
3594	66	0
3595	66	0
3596	66	0
3597	70	0
3598	66	0
3599	66	0
3600	66	0
3601	66	0
3602	66	0
3603	66	0
3604	66	0
3605	66	0
3606	66	0
3607	66	0
3608	66	0
3609	66	0
3610	66	0
3611	66	0
3612	66	0
3613	66	0
3614	66	0
3615	66	0
3616	66	0
3617	66	0
3618	66	0
3619	66	0
3620	66	0
3621	66	0
3622	66	0
3623	66	0
3624	66	0
3625	66	0
3626	66	0
3627	66	0
3628	66	0
3629	66	0
3630	66	0
3631	66	0
3632	66	0
3633	66	0
3634	66	0
3635	66	0
3636	66	0
3637	70	0
3638	66	0
3639	66	0
3640	66	0
3641	66	0
3642	66	0
3643	66	0
3644	66	0
3645	66	0
3646	66	0
3647	66	0
3648	65	0
3649	66	0
3650	66	0
3651	66	0
3652	66	0
3653	66	0
3654	66	0
3655	66	0
3656	66	0
3657	66	0
3658	66	0
3659	66	0
3660	66	0
3661	66	0
3662	66	0
3663	66	0
3664	66	0
3665	66	0
3666	66	0
3667	66	0
3668	66	0
3669	67	0
3670	67	0
3671	66	0
3672	66	0
3673	66	0
3674	66	0
3675	66	0
3676	66	0
3677	66	0
3678	66	0
3679	66	0
3680	66	0
3681	66	0
3682	66	0
3683	66	0
3684	93	0
3685	66	0
3686	66	0
3687	66	0
3688	66	0
3689	68	0
3690	66	0
3691	66	0
3692	66	0
3693	66	0
3694	66	0
3695	66	0
3696	66	0
3697	67	0
3698	66	0
3699	66	0
3700	66	0
3701	66	0
3702	66	0
3703	66	0
3704	66	0
3705	66	0
3706	66	0
3707	66	0
3708	66	0
3709	66	0
3710	66	0
3711	66	0
3712	66	0
3713	66	0
3714	69	0
3715	66	0
3716	66	0
3717	66	0
3718	72	0
3719	66	0
3720	66	0
3721	66	0
3722	67	0
3723	66	0
3724	66	0
3725	66	0
3726	66	0
3727	66	0
3728	66	0
3729	66	0
3730	66	0
3731	66	0
3732	66	0
3733	66	0
3734	66	0
3735	66	0
3736	67	0
3737	66	0
3738	66	0
3739	66	0
3740	66	0
3741	66	0
3742	66	0
3743	66	0
3744	66	0
3745	66	0
3746	66	0
3747	66	0
3748	66	0
3749	66	0
3750	66	0
3751	66	0
3752	66	0
3753	66	0
3754	66	0
3755	66	0
3756	66	0
3757	66	0
3758	66	0
3759	66	0
3760	66	0
3761	66	0
3762	66	0
3763	66	0
3764	66	0
3765	66	0
3766	66	0
3767	66	0
3768	0	0
3769	66	0
3770	66	0
3771	66	0
3772	66	0
3773	66	0
3774	66	0
3775	66	0
3776	66	0
3777	66	0
3778	66	0
3779	66	0
3780	66	0
3781	-3	-3
3782	66	0
3783	66	0
3784	66	0
3785	66	0
3786	66	0
3787	66	0
3788	66	0
3789	66	0
3790	66	0
3791	66	0
3792	66	0
3793	66	0
3794	66	0
3795	66	0
3796	66	0
3797	66	0
3798	66	0
3799	66	0
3800	0	40
3801	18	40
3802	2	40
3803	0	40
3804	0	40
3805	0	40
3806	5	40
3807	0	40
3808	26	40
3809	0	40
3810	12	40
3811	15	40
3812	0	40
3813	0	40
3814	0	40
3815	2	40
3816	0	40
3817	0	40
3818	0	40
3819	0	40
3820	0	40
3821	0	40
3822	0	40
3823	0	40
3824	0	40
3825	1	40
3826	75	40
3827	3	40
3828	4	40
3829	2	40
3830	0	40
3831	3	40
3832	7	40
3833	0	40
3834	3	40
3835	2	40
3836	1	40
3837	0	40
3838	0	40
3839	5	40
3840	1	40
3841	19	40
3842	0	40
3843	1	40
3844	8	40
3845	0	40
3846	4	40
3847	0	40
3848	0	40
3849	4	40
3850	1	40
3851	0	40
3852	2	40
3853	1	40
3854	0	40
3855	0	40
3856	3	40
3857	0	40
3858	0	40
3859	3	40
3860	0	40
3861	5	40
3862	0	40
3863	8	40
3864	0	40
3865	1	40
3866	16	40
3867	0	40
3868	0	40
3869	0	40
3870	21	40
3871	4	40
3872	3	40
3873	1	40
3874	0	40
3875	0	40
3876	0	40
3877	0	40
3878	62	40
3879	9	40
3880	0	40
3881	2	40
3882	3	40
3883	0	40
3884	0	40
3885	5	40
3886	0	40
3887	0	40
3888	1	40
3889	37	40
3890	0	40
3891	0	40
3892	0	40
3893	0	40
3894	0	40
3895	8	40
3896	0	40
3897	0	40
3898	1	40
3899	0	40
3900	4	40
3901	0	40
3902	10	40
3903	1	40
3904	0	40
3905	0	40
3906	0	40
3907	14	40
3908	0	40
3909	4	40
3910	0	40
3911	3	40
3912	3	40
3913	24	40
3914	3	40
3915	16	40
3916	0	40
3917	2	40
3918	1	40
3919	3	40
3920	4	40
3921	0	40
3922	0	40
3923	0	40
3924	1	40
3925	4	40
3926	1	40
3927	8	40
3928	0	40
3929	1	40
3930	0	40
3931	0	40
3932	0	40
3933	0	40
3934	17	40
3935	4	40
3936	3	40
3937	0	40
3938	0	40
3939	0	40
3940	0	40
3941	6	40
3942	0	40
3943	16	40
3944	0	40
3945	1	40
3946	2	40
3947	1	40
3948	14	40
3949	0	40
3950	4	40
3951	0	40
3952	4	40
3953	0	40
3954	0	40
3955	0	40
3956	19	40
3957	0	40
3958	1	40
3959	0	40
3960	6	40
3961	24	40
3962	0	40
3963	19	40
3964	1	40
3965	0	40
3966	0	40
3967	0	40
3968	3	40
3969	0	40
3970	1	40
3971	0	40
3972	0	40
3973	3	40
3974	0	40
3975	0	40
3976	10	40
3977	0	40
3978	1	40
3979	0	40
3980	0	40
3981	4	40
3982	1	40
3983	0	40
3984	0	40
3985	0	40
3986	1	40
3987	0	40
3988	1	40
3989	9	40
3990	0	40
3991	0	40
3992	3	40
3993	0	40
3994	3	40
3995	2	40
3996	1	40
3997	10	40
3998	0	40
3999	1	40
4000	0	40
4001	0	40
4002	0	40
4003	1	40
4004	0	40
4005	0	40
4006	0	40
4007	11	40
4008	0	40
4009	1	40
4010	3	40
4011	0	40
4012	0	40
4013	3	40
4014	6	40
4015	1	40
4016	59	40
4017	0	40
4018	0	40
4019	0	40
4020	0	40
4021	0	40
4022	20	40
4023	0	40
4024	16	40
4025	0	40
4026	31	40
4027	0	40
4028	0	40
4029	19	40
4030	0	40
4031	0	40
4032	38	40
4033	1	40
4034	0	40
4035	22	40
4036	4	40
4037	1	40
4038	0	40
4039	0	40
4040	16	40
4041	1	40
4042	12	40
4043	3	40
4044	1	40
4045	5	40
4046	0	40
4047	26	40
4048	3	40
4049	0	40
4050	3	40
4051	34	40
4052	3	40
4053	0	40
4054	0	40
4055	0	40
4056	0	40
4057	1	40
4058	0	40
4059	0	40
4060	0	40
4061	0	40
4062	2	40
4063	0	40
4064	0	40
4065	0	40
4066	0	40
4067	31	40
4068	6	40
4069	1	40
4070	9	40
4071	0	40
4072	16	40
4073	15	40
4074	0	40
4075	1	40
4076	0	40
4077	0	40
4078	0	40
4079	1	40
4080	7	40
4081	0	40
4082	0	40
4083	0	40
4084	0	40
4085	4	40
4086	1	40
4087	5	40
4088	36	40
4089	0	40
4090	8	40
4091	6	40
4092	0	40
4093	12	40
4094	1	40
4095	0	40
4096	3	40
4097	3	40
4098	1	40
4099	0	40
4100	2	40
4101	2	40
4102	0	40
4103	2	40
4104	0	40
4105	0	40
4106	0	40
4107	1	40
4108	1	40
4109	0	40
4110	0	40
4111	1	40
4112	3	40
4113	0	40
4114	20	40
4115	32	40
4116	1	40
4117	3	40
4118	0	40
4119	0	40
4120	13	40
4121	0	40
4122	1	40
4123	0	40
4124	0	40
4125	0	40
4126	0	40
4127	8	40
4128	5	40
4129	8	40
4130	0	40
4131	0	40
4132	99	40
4133	33	40
4134	0	40
4135	4	40
4136	0	40
4137	6	40
4138	0	40
4139	0	40
4140	0	40
4141	1	40
4142	11	40
4143	1	40
4144	1	40
4145	1	40
4146	0	40
4147	0	40
4148	10	40
4149	1	40
4150	1	40
4151	0	40
4152	23	40
4153	19	40
4154	6	40
4155	0	40
4156	2	40
4157	14	40
4158	0	40
4159	0	40
4160	3	40
4161	4	40
4162	1	40
4163	3	40
4164	2	40
4165	18	40
4166	1	40
4167	0	40
4168	0	40
4169	1	40
4170	52	40
4171	0	40
4172	8	40
4173	6	40
4174	11	40
4175	2	40
4176	2	40
4177	0	40
4178	2	40
4179	0	40
4180	0	40
4181	5	40
4182	2	40
4183	0	40
4184	0	40
4185	3	40
4186	0	40
4187	0	40
4188	0	40
4189	5	48
4190	5	48
4191	5	48
4192	5	48
4193	5	48
4194	5	48
4195	5	48
4196	5	48
4197	5	48
4198	8	48
4199	5	48
4200	5	48
4201	21	48
4202	5	48
4203	5	48
4204	5	48
4205	5	48
4206	5	48
4207	9	48
4208	5	48
4209	11	48
4210	11	48
4211	5	48
4212	5	48
4213	6	48
4214	5	48
4215	5	48
4216	6	48
4217	17	48
4218	2	48
4219	14	48
4220	7	48
4221	25	48
4222	25	48
4223	13	48
4224	28	48
4225	28	48
4226	136	48
4227	19	48
4228	28	48
4229	37	48
4230	17	48
4231	29	48
4232	17	48
4233	0	48
4234	4	48
4235	1	48
4236	1	48
4237	1	48
4238	4	48
4239	1	48
4240	3	48
4241	1	48
4242	1	48
4243	3	48
4244	1	48
4245	2	48
4246	1	48
4247	1	48
4248	1	48
4249	1	48
4250	1	48
4251	7	48
4252	18	48
4253	7	48
4254	7	48
4255	7	48
4256	7	48
4257	14	48
4258	7	48
4259	7	48
4260	7	48
4261	7	48
4262	7	48
4263	7	48
4264	7	48
4265	7	48
4266	18	48
4267	29	48
4268	7	48
4269	7	48
4270	7	48
4271	10	48
4272	27	48
4273	8	48
4274	7	48
4275	7	48
4276	7	48
4277	7	48
4278	7	48
4279	7	48
4280	7	48
4281	0	48
4282	0	48
4283	1	48
4284	0	48
4285	0	48
4286	1	48
4287	0	48
4288	0	48
4289	0	48
4290	1	48
4291	1	48
4292	1	48
4293	4	48
4294	0	48
4295	0	48
4296	2	48
4297	0	48
4298	0	48
4299	0	48
4300	1	48
4301	0	48
4302	1	48
4303	1	48
4304	0	48
4305	2	48
4306	0	48
4307	1	48
4308	0	48
4309	5	48
4310	0	48
4311	7	48
4312	12	48
4313	5	48
4314	0	48
4315	1	48
4316	0	48
4317	0	48
4318	7	48
4319	7	48
4320	7	48
4321	1	48
4322	0	48
4323	0	48
4324	7	48
4325	7	48
4326	0	12
4327	0	0
4328	263	12
4329	0	0
4330	0	12
4331	0	12
4332	0	12
4333	0	12
4334	0	12
4335	74	12
4336	4	12
4337	0	0
4338	0	12
4339	0	12
4340	0	12
4341	36	12
4342	0	12
4343	0	12
4344	0	12
4345	0	12
4346	0	12
4347	0	12
4348	0	0
4349	45	12
4350	0	0
4351	55	12
4352	98	12
4353	208	12
4354	5	12
4355	1	12
4356	14	12
4357	11	12
4358	27	12
4359	2	12
4360	1	12
4361	4	12
4362	1	12
4363	3	12
4364	6	12
4365	2	12
4366	0	12
4367	6	12
4368	6	12
4369	26	12
4370	5	12
4371	1	12
4372	3	12
4373	0	12
4374	14	12
4375	1	12
4376	0	12
4377	1	12
4378	0	12
4379	27	12
4380	3	12
4381	0	12
4382	4	12
4383	0	12
4384	0	12
4385	1	12
4386	4	12
4387	0	12
4388	2	12
4389	11	12
4390	0	12
4391	6	12
4392	4	12
4393	2	12
4394	0	12
4395	1	12
4396	3	12
4397	4	12
4398	8	12
4399	0	12
4400	4	12
4401	0	12
4402	2	12
4403	2	12
4404	5	12
4405	5	12
4406	19	12
4407	0	0
4408	1	12
4409	0	12
4410	0	12
4411	1	12
4412	0	12
4413	0	12
4414	0	12
4415	0	12
4416	0	12
4417	0	12
4418	1	12
4419	1	12
4420	0	12
4421	23	12
4422	1	12
4423	0	12
4424	0	12
4425	0	0
4426	0	0
4427	1	12
4428	0	0
4429	0	12
4430	0	0
4431	0	12
4432	2	12
4433	1	12
4434	0	12
4435	0	12
4436	6	12
4437	0	12
4438	1	12
4439	10	12
4440	0	12
4441	0	12
4442	0	12
4443	0	12
4444	0	12
4445	0	12
4446	1	12
4447	0	0
4448	0	12
4449	0	0
4450	0	0
4451	6	12
4452	2	12
4453	0	12
4454	0	12
4455	0	12
4456	0	0
4457	0	0
4458	0	12
4459	0	12
4460	4	12
4461	12	12
4462	0	12
4463	0	12
4464	6	12
4465	0	12
4466	0	0
4467	0	12
4468	4	12
4469	-3	-3
4470	5	12
4471	3	12
4472	0	12
4473	9	12
4474	8	12
4475	0	0
4476	0	12
4477	0	52
4478	0	52
4479	3	52
4480	0	52
4481	3	52
4482	8	52
4483	5	52
4484	3	52
4485	0	52
4486	2	52
4487	1	52
4488	11	52
4489	5	52
4490	0	52
4491	0	52
4492	9	52
4493	9	52
4494	0	52
4495	3	52
4496	5	52
4497	2	52
4498	0	52
4499	0	52
4500	32	52
4501	4	52
4502	2	52
4503	2	52
4504	5	52
4505	0	52
4506	1	52
4507	1	52
4508	8	52
4509	1	52
4510	1	52
4511	0	52
4512	2	52
4513	1	52
4514	7	52
4515	3	52
4516	0	52
4517	7	52
4518	2	52
4519	0	52
4520	2	52
4521	6	52
4522	1	52
4523	0	52
4524	0	52
4525	0	52
4526	3	52
4527	7	52
4528	3	52
4529	3	34
4530	0	34
4531	0	34
4532	14	34
4533	2	34
4534	12	34
4535	1	34
4536	0	34
4537	0	34
4538	0	34
4539	0	34
4540	1	34
4541	0	34
4542	0	34
4543	1	34
4544	2	34
4545	4	34
4546	0	34
4547	0	34
4548	1	34
4549	3	34
4550	2	34
4551	1	34
4552	0	34
4553	5	34
4554	0	34
4555	8	34
4556	0	34
4557	0	34
4558	0	34
4559	1	34
4560	3	34
4561	0	34
4562	0	34
4563	0	34
4564	5	34
4565	14	34
4566	0	34
4567	0	34
4568	4	34
4569	2	34
4570	0	34
4571	0	34
4572	7	34
4573	0	34
4574	0	34
4575	2	34
4576	14	34
4577	0	34
4578	0	34
4579	1	34
4580	0	34
4581	4	34
4582	0	34
4583	0	34
4584	2	34
4585	0	34
4586	1	34
4587	0	34
4588	0	34
4589	2	34
4590	0	34
4591	1	34
4592	0	34
4593	1	34
4594	1	34
4595	0	34
4596	0	34
4597	0	34
4598	0	34
4599	0	34
4600	0	34
4601	0	34
4602	2	34
4603	2	34
4604	0	34
4605	0	34
4606	0	34
4607	2	34
4608	0	34
4609	3	34
4610	2	34
4611	3	66
4612	1	66
4613	0	66
4614	0	66
4615	6	66
4616	10	66
4617	1	66
4618	2	66
4619	4	66
4620	2	66
4621	1	66
4622	0	66
4623	1	66
4624	0	66
4625	1	66
4626	6	66
4627	0	66
4628	10	66
4629	3	66
4630	2	66
4631	3	66
4632	0	66
4633	16	66
4634	22	66
4635	3	66
4636	19	66
4637	13	66
4638	1	66
4639	28	66
4640	5	66
4641	5	66
4642	14	66
4643	1	66
4644	7	66
4645	7	66
4646	7	66
4647	7	66
4648	1	66
4649	0	66
4650	1	66
4651	2	66
4652	25	66
4653	4	66
4654	35	66
4655	9	66
4656	3	66
4657	11	66
4658	1	66
4659	12	66
4660	2	66
4661	1	66
4662	6	66
4663	3	66
4664	4	66
4665	1	66
4666	1	66
4667	3	66
4668	9	66
4669	6	66
4670	7	66
4671	12	66
4672	2	66
4673	7	66
4674	1	66
4675	15	66
4676	31	66
4677	1	66
4678	0	66
4679	15	66
4680	2	66
4681	7	66
4682	0	66
4683	0	66
4684	0	66
4685	4	66
4686	10	66
4687	1	66
4688	1	66
4689	7	66
4690	5	66
4691	33	25
4692	34	25
4693	0	25
4694	33	25
4695	48	25
4696	33	25
4697	0	25
4698	34	25
4699	0	25
4700	33	25
4701	33	25
4702	0	25
4703	33	25
4704	33	25
4705	33	25
4706	33	25
4707	33	25
4708	0	25
4709	0	25
4710	33	25
4711	47	25
4712	33	25
4713	33	25
4714	0	25
4715	33	25
4716	33	25
4717	33	25
4718	33	25
4719	33	25
4720	33	25
4721	33	25
4722	33	25
4723	0	25
4724	39	25
4725	33	25
4726	33	25
4727	34	25
4728	0	25
4729	0	25
4730	33	25
4731	0	25
4732	33	25
4733	33	25
4734	0	25
4735	0	25
4736	33	25
4737	-3	-3
4738	60	25
4739	33	25
4740	33	25
4741	0	25
4742	0	25
4743	0	25
4744	0	25
4745	34	25
4746	33	25
4747	0	25
4748	33	25
4749	0	25
4750	0	25
4751	0	25
4752	33	25
4753	33	25
4754	33	25
4755	33	25
4756	33	25
4757	33	25
4758	33	25
4759	38	25
4760	33	25
4761	33	25
4762	33	25
4763	33	25
4764	0	25
4765	-3	-3
4766	-3	-3
4767	33	25
4768	33	25
4769	0	25
4770	33	25
4771	0	25
4772	33	25
4773	3	19
4774	0	19
4775	11	19
4776	1	19
4777	0	19
4778	1	19
4779	1	19
4780	0	19
4781	0	19
4782	1	19
4783	1	19
4784	1	19
4785	1	19
4786	0	19
4787	20	19
4788	0	19
4789	2	19
4790	2	19
4791	0	19
4792	12	19
4793	0	19
4794	0	19
4795	1	19
4796	9	19
4797	0	19
4798	2	19
4799	8	19
4800	6	19
4801	0	19
4802	1	19
4803	0	19
4804	2	19
4805	0	19
4806	0	19
4807	1	19
4808	0	19
4809	1	19
4810	2	19
4811	11	19
4812	0	19
4813	1	19
4814	0	19
4815	5	19
4816	0	19
4817	0	19
4818	1	19
4819	0	19
4820	0	19
4821	14	19
4822	1	19
4823	1	19
4824	1	19
4825	4	19
4826	0	19
4827	0	19
4828	0	19
4829	1	19
4830	0	19
4831	0	19
4832	1	19
4833	3	19
4834	11	19
4835	0	19
4836	11	19
4837	1	19
4838	0	19
4839	1	19
4840	11	19
4841	0	19
4842	6	19
4843	0	19
4844	1	19
4845	5	19
4846	1	19
4847	1	19
4848	22	19
4849	1	19
4850	0	19
4851	1	19
4852	2	19
4853	3	19
4854	1	19
4855	2	19
4856	6	19
4857	1	19
4858	0	19
4859	11	19
4860	5	19
4861	11	19
4862	1	19
4863	0	19
4864	13	19
4865	1	19
4866	0	19
4867	1	19
4868	0	19
4869	1	19
4870	4	19
4871	1	19
4872	0	19
4873	0	19
4874	1	19
4875	7	19
4876	15	19
4877	0	19
4878	0	19
4879	0	19
4880	1	19
4881	29	19
4882	1	19
4883	0	19
4884	0	19
4885	1	19
4886	0	19
4887	0	19
4888	1	19
4889	1	19
4890	2	19
4891	0	19
4892	1	19
4893	1	19
4894	0	19
4895	2	19
4896	1	19
4897	0	19
4898	0	19
4899	6	19
4900	1	19
4901	0	19
4902	1	19
4903	0	19
4904	21	19
4905	4	19
4906	0	19
4907	8	19
4908	0	19
4909	1	19
4910	1	19
4911	30	19
4912	8	19
4913	1	19
4914	2	19
4915	1	19
4916	12	19
4917	0	19
4918	1	19
4919	0	19
4920	1	19
4921	0	19
4922	1	19
4923	0	19
4924	4	19
4925	3	19
4926	1	19
4927	0	19
4928	6	19
4929	0	19
4930	2	19
4931	0	19
4932	11	19
4933	1	19
4934	0	19
4935	1	19
4936	0	19
4937	7	19
4938	0	19
4939	1	19
4940	0	19
4941	2	19
4942	13	19
4943	1	19
4944	3	19
4945	2	19
4946	1	19
4947	11	19
4948	7	19
4949	11	19
4950	0	19
4951	8	19
4952	0	19
4953	1	19
4954	1	19
4955	1	19
4956	0	19
4957	1	19
4958	11	19
4959	1	19
4960	4	19
4961	1	19
4962	11	19
4963	0	19
4964	1	19
4965	0	19
4966	3	19
4967	11	19
4968	0	19
4969	0	19
4970	0	19
4971	1	19
4972	2	19
4973	0	19
4974	11	19
4975	1	19
4976	1	19
4977	0	19
4978	2	19
4979	0	19
4980	1	19
4981	4	19
4982	1	19
4983	4	19
4984	2	19
4985	11	19
4986	0	19
4987	1	19
4988	0	19
4989	11	19
4990	1	19
4991	4	19
4992	2	19
4993	11	19
4994	2	19
4995	9	19
4996	0	19
4997	0	19
4998	11	19
4999	5	19
5000	1	19
5001	2	19
5002	0	19
5003	0	19
5004	1	19
5005	3	19
5006	2	19
5007	17	19
5008	8	19
5009	2	19
5010	1	19
5011	1	19
5012	1	19
5013	11	19
5014	0	19
5015	0	19
5016	0	19
5017	11	19
5018	11	19
5019	0	19
5020	11	19
5021	0	19
5022	11	19
5023	11	19
5024	11	19
5025	7	19
5026	11	19
5027	0	19
5028	1	19
5029	0	19
5030	11	19
5031	11	19
5032	0	19
5033	11	19
5034	0	19
5035	11	19
5036	11	19
5037	11	19
5038	11	19
5039	0	19
5040	0	23
5041	0	23
5042	3	23
5043	1	23
5044	2	23
5045	3	23
5046	16	23
5047	8	23
5048	15	23
5049	6	23
5050	3	23
5051	2	23
5052	1	23
5053	12	23
5054	2	23
5055	2	23
5056	4	23
5057	3	23
5058	3	23
5059	3	23
5060	1	23
5061	0	23
5062	1	23
5063	0	23
5064	3	23
5065	2	23
5066	13	23
5067	2	23
5068	2	23
5069	0	23
5070	7	23
5071	1	23
5072	10	23
5073	3	23
5074	0	23
5075	1	23
5076	5	23
5077	22	23
5078	1	23
5079	25	23
5080	0	23
5081	2	23
5082	1	23
5083	0	23
5084	1	23
5085	2	23
5086	22	23
5087	1	23
5088	3	23
5089	0	23
5090	0	23
5091	0	23
5092	1	23
5093	1	23
5094	3	23
5095	1	23
5096	0	23
5097	4	23
5098	10	23
5099	4	23
5100	2	23
5101	3	23
5102	0	23
5103	1	23
5104	1	23
5105	4	23
5106	0	23
5107	2	23
5108	3	23
5109	0	23
5110	8	23
5111	0	23
5112	0	23
5113	19	23
5114	1	23
5115	3	23
5116	1	23
5117	10	23
5118	4	23
5119	143	23
5120	5	23
5121	1	23
5122	1	23
5123	2	23
5124	5	23
5125	0	23
5126	1	23
5127	10	23
5128	20	23
5129	1	23
5130	2	23
5131	7	23
5132	0	23
5133	2	23
5134	3	23
5135	0	23
5136	1	23
5137	0	23
5138	0	23
5139	1	23
5140	1	23
5141	0	23
5142	2	23
5143	2	23
5144	8	23
5145	2	23
5146	2	23
5147	8	23
5148	0	23
5149	1	23
5150	0	23
5151	3	23
5152	2	23
5153	5	23
5154	3	23
5155	1	23
5156	3	23
5157	1	23
5158	0	23
5159	1	23
5160	1	23
5161	4	23
5162	2	23
5163	1	23
5164	0	23
5165	0	23
5166	1	23
5167	1	23
5168	0	23
5169	0	23
5170	0	23
5171	3	23
5172	0	23
5173	3	23
5174	1	23
5175	5	23
5176	5	23
5177	0	23
5178	0	23
5179	3	23
5180	2	23
5181	3	23
5182	1	23
5183	3	23
5184	2	23
5185	0	23
5186	0	23
5187	2	23
5188	0	23
5189	1	23
5190	0	23
5191	1	23
5192	0	23
5193	1	23
5194	10	23
5195	3	23
5196	3	23
5197	0	23
5198	0	23
5199	3	23
5200	2	23
5201	1	23
5202	0	23
5203	13	23
5204	0	23
5205	11	23
5206	1	23
5207	0	23
5208	2	23
5209	0	23
5210	26	23
5211	-3	-3
5212	3	23
5213	3	23
5214	0	23
5215	1	23
5216	0	23
5217	5	23
5218	8	23
5219	4	23
5220	3	23
5221	1	23
5222	0	23
5223	0	23
5224	3	23
5225	0	23
5226	4	23
5227	0	23
5228	12	23
5229	1	23
5230	1	23
5231	1	23
5232	6	23
5233	2	23
5234	6	23
5235	2	23
5236	0	23
5237	13	23
5238	10	23
5239	2	23
5240	5	23
5241	0	23
5242	29	23
5243	0	23
5244	0	23
5245	0	23
5246	0	23
5247	0	23
5248	1	23
5249	0	23
5250	0	23
5251	0	23
5252	0	23
5253	5	23
5254	0	23
5255	2	23
5256	3	23
5257	0	23
5258	3	23
5259	0	23
5260	0	23
5261	1	23
5262	0	23
5263	0	23
5264	0	23
5265	3	23
5266	1	23
5267	0	23
5268	1	23
5269	15	28
5270	2	28
5271	14	28
5272	25	28
5273	29	28
5274	4	28
5275	9	28
5276	8	28
5277	0	28
5278	11	28
5279	8	28
5280	14	28
5281	13	28
5282	9	28
5283	7	28
5284	12	28
5285	20	28
5286	3	28
5287	6	28
5288	15	28
5289	6	28
5290	6	28
5291	56	28
5292	34	28
5293	7	28
5294	6	28
5295	21	28
5296	5	28
5297	7	28
5298	2	28
5299	6	28
5300	3	28
5301	9	28
5302	6	28
5303	18	28
5304	8	28
5305	28	28
5306	4	28
5307	6	28
5308	13	28
5309	8	28
5310	10	28
5311	14	28
5312	10	28
5313	6	28
5314	8	28
5315	9	28
5316	22	28
5317	21	28
5318	12	28
5319	1	28
5320	6	28
5321	16	28
5322	6	28
5323	8	28
5324	16	28
5325	7	28
5326	12	28
5327	18	28
5328	2	28
5329	17	28
5330	6	28
5331	23	28
5332	12	28
5333	8	28
5334	100	28
5335	20	28
5336	29	28
5337	0	28
5338	0	28
5339	0	28
5340	0	28
5341	0	28
5342	20	28
5343	0	28
5344	15	28
5345	0	28
5346	0	28
5347	21	28
5348	21	28
5349	5	28
5350	0	28
5351	13	28
5352	0	28
5353	0	28
5354	0	28
5355	2	28
5356	15	28
5357	0	28
5358	0	28
5359	11	28
5360	0	28
5361	0	28
5362	2	28
5363	75	28
5364	27	28
5365	5	28
5366	1	28
5367	21	28
5368	7	28
5369	4	28
5370	26	28
5371	1	28
5372	4	28
5373	6	28
5374	5	28
5375	11	28
5376	0	28
5377	23	28
5378	10	28
5379	31	28
5380	29	28
5381	38	28
5382	7	28
5383	0	28
5384	0	28
5385	10	28
5386	4	28
5387	2	28
5388	13	28
5389	62	28
5390	3	28
5391	11	28
5392	16	28
5393	0	28
5394	3	28
5395	2	28
5396	44	28
5397	0	28
5398	12	28
5399	11	28
5400	0	28
5401	5	28
5402	0	28
5403	42	28
5404	2	28
5405	9	28
5406	15	28
5407	15	28
5408	1	28
5409	8	28
5410	0	28
5411	6	28
5412	0	28
5413	0	28
5414	6	28
5415	0	28
5416	5	28
5417	0	28
5418	0	28
5419	33	28
5420	6	28
5421	0	28
5422	0	28
5423	41	28
5424	0	28
5425	1	28
5426	5	28
5427	0	28
5428	43	28
5429	22	28
5430	4	28
5431	1	28
5432	16	28
5433	0	28
5434	0	28
5435	17	28
5436	5	28
5437	10	28
5438	22	28
5439	8	28
5440	8	28
5441	20	28
5442	9	28
5443	1	28
5444	16	28
5445	14	28
5446	5	28
5447	0	28
5448	20	28
5449	52	28
5450	16	28
5451	0	28
5452	4	28
5453	0	28
5454	0	28
5455	74	28
5456	0	28
5457	0	28
5458	0	28
5459	0	28
5460	52	28
5461	8	28
5462	74	28
5463	41	28
5464	0	28
5465	66	28
5466	1	28
5467	52	28
5468	0	28
5469	52	28
5470	0	28
5471	69	28
5472	48	28
5473	34	28
5474	27	28
5475	43	28
5476	35	28
5477	34	28
5478	58	28
5479	48	28
5480	38	28
5481	21	28
5482	34	28
5483	21	28
5484	44	28
5485	18	28
5486	42	28
5487	4	28
5488	34	28
5489	0	28
5490	35	28
5491	0	28
5492	36	28
5493	22	28
5494	21	28
5495	39	28
5496	42	28
5497	40	28
5498	56	28
5499	36	28
5500	16	28
5501	0	28
5502	51	28
5503	0	28
5504	8	28
5505	22	28
5506	0	28
5507	0	28
5508	8	28
5509	1	28
5510	0	28
5511	9	28
5512	2	28
5513	9	28
5514	5	28
5515	0	28
5516	12	28
5517	11	28
5518	20	28
5519	0	28
5520	0	28
5521	0	28
5522	6	28
5523	0	28
5524	46	28
5525	27	28
5526	53	28
5527	21	28
5528	17	28
5529	2	28
5530	16	28
5531	15	28
5532	40	28
5533	39	28
5534	36	28
5535	11	28
5536	3	28
5537	4	28
5538	5	28
5539	3	28
5540	7	28
5541	10	28
5542	11	28
5543	66	28
5544	6	28
5545	2	28
5546	8	28
5547	17	28
5548	9	28
5549	25	28
5550	10	28
5551	26	28
5552	42	28
5553	0	28
5554	2	28
5555	0	28
5556	0	28
5557	9	28
5558	2	28
5559	0	28
5560	23	28
5561	44	28
5562	0	28
5563	0	28
5564	18	28
5565	8	45
5566	50	45
5567	51	45
5568	3	45
5569	4	45
5570	1	45
5571	10	45
5572	1	45
5573	0	45
5574	4	45
5575	1	45
5576	0	45
5577	13	45
5578	55	45
5579	4	45
5580	1	45
5581	11	45
5582	0	45
5583	6	45
5584	18	45
5585	4	45
5586	12	45
5587	6	45
5588	1	45
5589	29	45
5590	4	45
5591	8	45
5592	73	45
5593	0	45
5594	8	45
5595	14	45
5596	4	45
5597	7	45
5598	0	45
5599	1	45
5600	0	45
5601	0	45
5602	4	45
5603	0	45
5604	0	45
5605	4	45
5606	0	45
5607	0	45
5608	0	45
5609	0	45
5610	0	45
5611	14	45
5612	0	45
5613	1	45
5614	0	45
5615	0	45
5616	0	45
5617	2	45
5618	0	45
5619	0	45
5620	0	45
5621	1	45
5622	0	45
5623	2	45
5624	0	45
5625	0	45
5626	0	45
5627	0	45
5628	1	45
5629	0	45
5630	0	45
5631	0	45
5632	0	45
5633	0	45
5634	3	45
5635	0	45
5636	0	45
5637	0	45
5638	0	45
5639	0	45
5640	0	45
5641	0	45
5642	0	45
5643	4	45
5644	0	45
5645	0	45
5646	0	45
5647	0	45
5648	1	45
5649	0	45
5650	10	45
5651	0	45
5652	0	45
5653	0	45
5654	0	45
5655	0	45
5656	1	45
5657	0	45
5658	0	45
5659	0	45
5660	0	36
5661	0	36
5662	8	36
5663	1	36
5664	4	36
5665	8	36
5666	13	36
5667	101	36
5668	10	36
5669	14	36
5670	0	36
5671	1	36
5672	1	36
5673	1	36
5674	18	36
5675	0	36
5676	0	36
5677	18	36
5678	0	36
5679	0	36
5680	8	36
5681	6	11
5682	11	11
5683	0	11
5684	79	11
5685	49	11
5686	45	11
5687	45	11
5688	45	11
5689	45	11
5690	45	11
5691	45	11
5692	47	11
5693	45	11
5694	45	11
5695	45	11
5696	3	11
5697	45	11
5698	45	11
5699	47	11
5700	45	11
5701	47	11
5702	45	11
5703	45	11
5704	45	11
5705	45	11
5706	45	11
5707	47	11
5708	45	11
5709	3	11
5710	0	11
5711	3	11
5712	4	11
5713	3	11
5714	0	11
5715	3	11
5716	11	11
5717	0	11
5718	3	11
5719	1	11
5720	3	11
5721	3	11
5722	3	11
5723	3	11
5724	3	11
5725	3	11
5726	3	11
5727	3	11
5728	3	11
5729	3	11
5730	3	11
5731	4	11
5732	3	11
5733	7	11
5734	3	11
5735	3	11
5736	3	11
5737	3	11
5738	0	11
5739	4	11
5740	3	11
5741	0	11
5742	4	11
5743	7	11
5744	7	11
5745	7	11
5746	7	11
5747	7	11
5748	7	11
5749	7	11
5750	7	11
5751	7	11
5752	7	11
5753	7	11
5754	7	11
5755	7	11
5756	7	11
5757	9	11
5758	7	11
5759	7	11
5760	6	11
5761	7	11
5762	7	11
5763	8	11
5764	7	11
5765	7	11
5766	7	11
5767	7	11
5768	14	11
5769	7	11
5770	7	11
5771	7	11
5772	7	11
5773	7	11
5774	7	11
5775	7	11
5776	7	11
5777	7	11
5778	11	11
5779	11	11
5780	11	11
5781	11	11
5782	11	11
5783	14	11
5784	11	11
5785	11	11
5786	11	11
5787	0	11
5788	11	11
5789	11	11
5790	11	11
5791	11	11
5792	11	11
5793	12	11
5794	11	11
5795	11	11
5796	11	11
5797	11	11
5798	11	11
5799	11	11
5800	11	11
5801	11	11
5802	11	11
5803	11	11
5804	14	11
5805	11	11
5806	11	11
5807	13	11
5808	11	11
5809	11	11
5810	11	11
5811	11	11
5812	11	11
5813	11	11
5814	11	11
5815	11	11
5816	11	11
5817	13	11
5818	11	11
5819	11	11
5820	11	11
5821	11	11
5822	11	11
5823	12	11
5824	11	11
5825	11	11
5826	11	11
5827	11	11
5828	11	11
5829	11	11
5830	11	11
5831	11	11
5832	11	11
5833	14	11
5834	11	11
5835	11	11
5836	11	11
5837	11	11
5838	14	11
5839	0	11
5840	11	11
5841	14	11
5842	11	11
5843	11	11
5844	11	11
5845	11	11
5846	11	11
5847	11	11
5848	11	11
5849	11	11
5850	11	11
5851	11	11
5852	0	11
5853	11	11
5854	11	11
5855	11	11
5856	3	11
5857	9	11
5858	0	11
5859	11	11
5860	11	11
5861	9	11
5862	11	11
5863	11	11
5864	11	11
5865	11	11
5866	11	11
5867	0	11
5868	11	11
5869	11	11
5870	0	11
5871	11	11
5872	11	11
5873	0	11
5874	11	11
5875	11	11
5876	11	11
5877	5	11
5878	5	11
5879	5	11
5880	5	11
5881	5	11
5882	5	11
5883	6	11
5884	5	11
5885	5	11
5886	5	11
5887	5	11
5888	11	11
5889	5	11
5890	10	11
5891	5	11
5892	5	11
5893	5	11
5894	5	11
5895	5	11
5896	7	11
5897	5	11
5898	15	11
5899	5	11
5900	6	11
5901	5	11
5902	7	11
5903	10	11
5904	5	11
5905	5	11
5906	5	11
5907	6	11
5908	6	11
5909	7	11
5910	7	11
5911	6	11
5912	6	11
5913	5	11
5914	5	11
5915	7	11
5916	7	11
5917	5	11
5918	7	11
5919	7	11
5920	8	11
5921	7	11
5922	6	11
5923	12	11
5924	16	11
5925	13	11
5926	16	11
5927	12	11
5928	11	11
5929	14	11
5930	12	11
5931	11	11
5932	11	11
5933	11	11
5934	11	11
5935	16	11
5936	12	11
5937	16	11
5938	11	11
5939	12	11
5940	5	11
5941	5	11
5942	7	11
5943	5	11
5944	5	11
5945	5	11
5946	5	11
5947	5	11
5948	5	11
5949	5	11
5950	5	11
5951	5	11
5952	5	11
5953	7	11
5954	5	11
5955	5	11
5956	5	11
5957	5	11
5958	5	11
5959	5	11
5960	5	11
5961	5	11
5962	5	11
5963	5	11
5964	5	11
5965	5	11
5966	5	11
5967	5	11
5968	5	11
5969	5	11
5970	5	11
5971	5	11
5972	5	11
5973	5	11
5974	5	11
5975	8	11
5976	5	11
5977	8	11
5978	5	11
5979	9	11
5980	5	11
5981	18	11
5982	5	11
5983	2	11
5984	3	11
5985	1	11
5986	1	11
5987	1	11
5988	1	11
5989	1	11
5990	1	11
5991	1	11
5992	8	11
5993	3	11
5994	1	11
5995	1	11
5996	1	11
5997	75	11
5998	55	11
5999	39	11
6000	34	11
6001	57	11
6002	75	11
6003	38	11
6004	33	11
6005	53	11
6006	79	11
6007	55	11
6008	134	11
6009	90	11
6010	70	11
6011	101	11
6012	65	11
6013	36	11
6014	215	11
6015	49	11
6016	58	11
6017	50	11
6018	90	11
6019	54	11
6020	43	11
6021	81	11
6022	47	11
6023	45	11
6024	60	11
6025	44	11
6026	96	11
6027	56	11
6028	51	11
6029	33	11
6030	45	11
6031	57	11
6032	68	11
6033	69	11
6034	63	11
6035	68	11
6036	75	11
6037	53	11
6038	57	11
6039	72	11
6040	93	11
6041	43	11
6042	49	11
6043	73	11
6044	105	11
6045	59	11
6046	45	11
6047	59	11
6048	13	11
6049	39	11
6050	30	11
6051	17	11
6052	17	11
6053	19	11
6054	17	11
6055	17	11
6056	17	11
6057	19	11
6058	20	11
6059	17	11
6060	17	11
6061	19	11
6062	30	11
6063	17	11
6064	17	11
6065	17	11
6066	17	11
6067	17	11
6068	17	11
6069	17	11
6070	20	11
6071	7	11
6072	7	11
6073	7	11
6074	6	11
6075	6	11
6076	7	11
6077	7	11
6078	7	11
6079	7	11
6080	7	11
6081	7	11
6082	7	11
6083	7	11
6084	6	11
6085	6	11
6086	7	11
6087	7	11
6088	7	11
6089	6	11
6090	7	11
6091	7	11
6092	7	11
6093	7	11
6094	7	11
6095	9	11
6097	7	11
6098	7	11
6099	7	11
6100	7	11
6101	7	11
6102	7	11
6103	7	11
6104	7	11
6105	7	11
6106	7	11
6107	7	11
6108	7	11
6109	7	11
6110	6	11
6111	7	11
6112	6	11
6113	7	11
6114	6	11
6115	7	11
6116	8	11
6117	7	11
6118	7	11
6119	6	11
6120	7	11
6121	7	11
6122	7	11
6123	7	11
6124	7	11
6125	7	11
6126	7	11
6127	7	11
6128	6	11
6129	7	11
6130	7	11
6131	10	11
6132	7	11
6133	7	11
6134	7	11
6135	17	11
6136	16	11
6137	0	11
6138	10	11
6139	2	11
6140	0	11
6141	0	11
6142	12	11
6143	0	11
6144	0	11
6145	34	11
6146	5	11
6147	1	11
6148	3	11
6149	0	11
6150	5	11
6151	0	11
6152	0	11
6153	11	11
6154	11	11
6155	11	11
6156	11	11
6157	11	11
6158	11	11
6159	11	11
6160	11	11
6161	18	11
6162	8	11
6163	8	11
6164	8	11
6165	8	11
6166	17	11
6167	24	11
6168	5	11
6169	9	11
6170	9	11
6171	8	11
6172	9	11
6173	26	11
6174	11	11
6175	26	11
6176	8	11
6177	8	11
6178	10	11
6179	12	11
6180	11	11
6181	11	11
6182	11	11
6183	12	11
6184	11	11
6185	15	11
6186	11	11
6187	11	11
6188	11	11
6189	12	11
6190	11	11
6191	11	11
6192	11	11
6193	11	11
6194	11	11
6195	11	11
6196	13	11
6197	11	11
6198	11	11
6199	11	11
6200	11	11
6201	11	11
6202	11	11
6203	11	11
6204	11	11
6205	11	11
6206	11	11
6207	11	11
6208	11	11
6209	11	11
6210	11	11
6211	11	11
6212	11	11
6213	19	11
6214	22	11
6215	20	11
6216	15	11
6217	21	11
6218	20	11
6219	13	11
6220	21	11
6221	13	11
6222	13	11
6223	36	11
6224	13	11
6225	15	11
6226	16	11
6227	13	11
6228	24	11
6229	26	11
6230	34	11
6231	23	11
6232	17	11
6233	41	11
6234	43	11
6235	17	11
6236	25	11
6237	28	11
6238	16	11
6239	17	11
6240	40	11
6241	17	11
6242	40	11
6243	20	11
6244	15	11
6245	20	11
6246	15	11
6247	13	11
6248	13	11
6249	13	11
6250	13	11
6251	13	11
6252	15	11
6253	13	11
6254	22	11
6255	25	11
6256	22	11
6257	2	11
6258	1	11
6259	0	11
6260	2	11
6261	17	11
6262	1	11
6263	2	11
6264	1	11
6265	20	11
6266	2	11
6267	1	11
6268	0	11
6269	1	11
6270	1	11
6271	4	11
6272	1	11
6273	1	11
6274	1	11
6275	1	11
6276	1	11
6277	0	11
6278	1	11
6279	1	11
6280	1	11
6281	1	11
6282	1	11
6283	1	11
6284	1	11
6285	39	11
6286	57	11
6287	45	11
6288	39	11
6289	39	11
6290	53	11
6291	48	11
6292	39	11
6293	52	11
6294	39	11
6295	0	11
6296	39	11
6297	97	11
6298	39	11
6299	39	11
6300	39	11
6301	54	11
6302	42	11
6303	39	11
6304	39	11
6305	39	11
6306	41	11
6307	0	11
6308	43	11
6309	30	11
6310	43	11
6311	48	11
6312	69	11
6313	89	11
6314	41	11
6315	39	11
6316	39	11
6317	52	11
6318	39	11
6319	39	11
6320	61	11
6321	102	11
6322	39	11
6323	50	11
6324	39	11
6325	39	11
6326	39	11
6327	39	11
6328	58	11
6329	39	11
6330	57	11
6331	71	11
6332	72	11
6333	66	11
6334	39	11
6335	39	11
6336	53	11
6337	39	11
6338	39	11
6339	1	11
6340	0	11
6341	0	11
6342	0	11
6343	6	11
6344	9	11
6345	14	11
6346	0	11
6347	0	11
6348	0	11
6349	10	11
6350	0	11
6351	0	11
6352	0	11
6353	0	11
6354	3	11
6355	0	11
6356	0	11
6357	0	11
6358	0	11
6359	0	11
6360	0	11
6361	1	11
6362	3	11
6363	0	11
6364	4	11
6365	0	11
6366	13	11
6367	12	11
6368	12	11
6369	12	11
6370	15	11
6371	15	11
6372	21	11
6373	13	11
6374	13	11
6375	12	11
6376	14	11
6377	12	11
6378	13	11
6379	18	11
6380	12	11
6381	14	11
6382	11	11
6383	14	11
6384	13	11
6385	12	11
6386	13	11
6387	12	11
6388	12	11
6389	13	11
6390	13	11
6391	12	11
6392	13	11
6393	11	11
6394	12	11
6395	12	11
6396	22	11
6397	12	11
6398	12	11
6399	13	11
6400	12	11
6401	27	11
6402	62	11
6403	12	11
6404	13	11
6405	1	11
6406	18	11
6407	445	11
6408	5	11
6409	13	11
6410	0	11
6411	8	11
6412	11	11
6413	1	11
6414	1	11
6415	1	11
6416	7	11
6417	39	11
6418	55	11
6419	7	11
6420	12	11
6421	11	11
6422	11	11
6423	1	11
6424	11	11
6425	0	11
6426	11	11
6427	9	11
6428	7	11
6429	3	11
6430	8	11
6431	1	11
6432	13	11
6433	15	11
6434	44	11
6435	1	11
6436	7	11
6437	0	85
6438	37	85
6439	1	85
6440	2	85
6441	21	85
6442	2	85
6443	414	85
6444	2	85
6445	1	85
6446	0	85
6447	0	85
6448	569	85
6449	10	85
6450	0	85
6451	14	85
6452	10	85
6453	7	85
6454	12	85
6455	2	85
6456	2	85
6457	10	85
6458	9	85
6459	0	85
6460	17	85
6461	4	85
6462	3	85
6463	7	85
6464	2	85
6465	9	85
6466	4	85
6467	10	85
6468	6	85
6469	3	85
6470	10	85
6471	4	85
6472	1	85
6473	7	85
6474	0	85
6475	20	85
6476	0	85
6477	0	85
6478	3	85
6479	3	85
6480	1	85
6481	20	85
6482	26	85
6483	0	85
6484	13	85
6485	117	85
6486	8	85
6487	69	85
6488	45	85
6489	10	85
6490	9	85
6491	0	85
6492	7	85
6493	66	85
6494	10	85
6495	1	85
6496	0	85
6497	0	85
6498	12	85
6499	24	85
6500	17	85
6501	33	85
6502	0	85
6503	2	85
6504	2	85
6505	3	85
6506	1	85
6507	0	85
6508	0	85
6509	3	85
6510	4	85
6511	15	85
6512	3	85
6513	10	85
6514	10	85
6515	1	85
6516	0	85
6517	0	85
6518	1	85
6519	0	85
6520	1	85
6521	9	85
6522	10	85
6523	1	85
6524	23	85
6525	2	85
6526	1	85
6527	3	85
6528	10	85
6529	0	85
6530	5	85
6531	13	85
6532	4	85
6533	0	85
6534	4	85
6535	8	85
6536	15	85
6537	1	85
6538	0	85
6539	0	85
6540	10	85
6541	38	85
6542	10	85
6543	0	85
6544	2	85
6545	10	85
6546	3	85
6547	2	85
6548	10	85
6549	10	85
6550	10	85
6551	5	85
6552	6	85
6553	22	85
6554	0	85
6555	0	85
6556	0	85
6557	3	85
6558	2	85
6559	0	85
6560	1	85
6561	42	85
6562	2	85
6563	0	85
6564	10	85
6565	4	85
6566	50	85
6567	10	85
6568	0	85
6569	2	85
6570	8	85
6571	0	85
6572	14	85
6573	2	85
6574	0	85
6575	9	85
6576	1	85
6577	20	85
6578	0	85
6579	2	85
6580	17	85
6581	9	85
6582	0	85
6583	0	85
6584	1	85
6585	0	85
6586	3	85
6587	0	85
6588	1	85
6589	0	85
6590	0	85
6591	0	85
6592	3	85
6593	2	85
6594	14	85
6595	2	85
6596	0	85
6597	3	85
6598	1	85
6599	23	85
6600	1	85
6601	14	85
6602	19	85
6603	0	85
6604	12	85
6605	10	85
6606	0	85
6607	2	85
6608	16	85
6609	0	85
6610	10	85
6611	3	85
6612	3	85
6613	330	85
6614	5	85
6615	4	85
6616	2	85
6617	10	85
6618	10	85
6619	7	85
6620	11	85
6621	7	85
6622	2	85
6623	9	85
6624	8	85
6625	7	85
6626	2	85
6627	0	85
6628	1	85
6629	10	85
6630	0	85
6631	25	85
6632	2	85
6633	0	85
6634	7	85
6635	10	85
6636	10	85
6637	0	85
6638	0	85
6639	7	85
6640	7	85
6641	4	85
6642	0	85
6643	0	85
6644	10	85
6645	0	85
6646	8	85
6647	0	85
6648	0	85
6649	4	85
6650	2	85
6651	46	85
6652	8	85
6653	25	85
6654	101	85
6655	1	85
6656	17	85
6657	0	85
6658	10	85
6659	1	85
6660	0	85
6661	0	85
6662	17	85
6663	1	85
6664	2	85
6665	2	85
6666	0	85
6667	5	85
6668	2	85
6669	0	85
6670	0	85
6671	0	85
6672	7	85
6673	448	85
6674	18	85
6675	0	85
6676	10	85
6677	1	85
6678	18	85
6679	0	85
6680	2	85
6681	10	85
6682	80	85
6683	15	85
6684	58	85
6685	0	85
6686	23	85
6687	2	85
6688	6	35
6689	9	35
6690	1	35
6691	3	35
6692	0	35
6693	13	35
6694	16	35
6695	0	35
6696	14	35
6697	0	35
6698	1	35
6699	2	35
6700	1	35
6701	0	35
6702	0	35
6703	0	35
6704	0	35
6705	1	35
6706	0	35
6707	6	35
6708	0	35
6709	6	35
6710	5	35
6711	0	35
6712	0	35
6713	0	35
6714	0	35
6715	12	35
6716	13	35
6717	2	35
6718	2	35
6719	8	35
6720	1	35
6721	1	35
6722	0	35
6723	0	35
6724	0	35
6725	3	35
6726	11	35
6727	0	35
6728	0	35
6729	0	35
6730	0	35
6731	3	35
6732	0	35
6733	0	35
6734	0	35
6735	1	35
6736	0	35
6737	1	35
6738	0	35
6739	0	35
6740	1	35
6741	1	35
6742	0	35
6743	1	35
6744	0	35
6745	0	35
6746	0	35
6747	5	35
6748	0	35
6749	16	35
6750	5	35
6751	0	35
6752	21	35
6753	1	35
6754	2	35
6755	255	35
6756	1	35
6757	0	35
6758	2	35
6759	3	35
6760	0	35
6761	2	35
6762	16	35
6763	0	35
6764	5	35
6765	0	35
6766	9	35
6767	0	35
6768	0	35
6769	0	35
6770	0	35
6771	1	35
6772	1	35
6773	47	35
6774	1	35
6775	0	35
6776	0	35
6777	6	35
6778	0	35
6779	0	35
6780	0	35
6781	0	35
6782	10	35
6783	0	35
6784	0	35
6785	7	35
6786	0	35
6787	0	35
6788	1	35
6789	0	35
6790	11	35
6791	11	35
6792	0	35
6793	0	35
6794	0	35
6795	1	35
6796	0	35
6797	0	35
6798	0	35
6799	1	35
6800	2	35
6801	0	35
6802	0	35
6803	0	35
6804	0	35
6805	1	24
6806	16	24
6807	11	24
6808	63	24
6809	8	24
6810	18	24
6811	0	24
6812	11	24
6813	1	24
6814	3	24
6815	0	24
6816	0	24
6817	2	24
6818	4	24
6819	18	24
6820	16	24
6821	16	24
6822	3	24
6823	0	24
6824	0	24
6825	0	24
6826	1	24
6827	3	24
6828	22	24
6829	8	24
6830	1	24
6831	0	24
6832	5	24
6833	6	24
6834	4	24
6835	16	24
6836	5	24
6837	0	24
6838	20	24
6839	5	24
6840	6	24
6841	6	24
6842	12	24
6843	11	24
6844	16	24
6845	9	24
6846	14	24
6847	8	24
6848	8	24
6849	16	24
6850	9	24
6851	8	24
6852	1	24
6853	0	24
6854	0	24
6855	11	24
6856	6	24
6857	4	24
6858	4	24
6859	12	24
6860	118	24
6861	8	24
6862	3	24
6863	0	24
6864	9	24
6865	37	24
6866	11	24
6867	3	24
6868	0	24
6869	0	24
6870	16	24
6871	16	24
6872	4	24
6873	18	24
6874	1	24
6875	4	24
6876	16	24
6877	0	24
6878	5	24
6879	18	24
6880	1	24
6881	0	24
6882	18	24
6883	28	24
6884	4	24
6885	0	24
6886	0	24
6887	3	24
6888	0	24
6889	1	24
6890	1	24
6891	11	24
6892	7	24
6893	16	24
6894	17	24
6895	16	24
6896	28	24
6897	0	24
6898	0	24
6899	3	24
6900	11	24
6901	0	24
6902	3	24
6903	10	24
6904	8	24
6905	8	24
6906	18	24
6907	18	24
6908	17	24
6909	6	24
6910	16	24
6911	16	24
6912	0	24
6913	1	24
6914	1	24
6915	0	24
6916	18	24
6917	11	24
6918	0	24
6919	3	24
6920	18	24
6921	10	24
6922	5	24
6923	0	24
6924	18	24
6925	19	24
6926	3	24
6927	18	24
6928	1	24
6929	0	24
6930	5	24
6931	0	24
6932	0	24
6933	16	24
6934	0	24
6935	4	15
6936	4	15
6937	6	15
6938	4	15
6939	8	15
6940	9	15
6941	4	15
6942	4	15
6943	9	15
6944	3	15
6945	4	15
6946	8	15
6947	4	15
6948	4	15
6949	4	15
6950	4	15
6951	4	15
6952	18	15
6953	4	15
6954	15	15
6955	15	15
6956	18	15
6957	15	15
6958	15	15
6959	15	15
6960	13	15
6961	15	15
6962	15	15
6963	15	15
6964	15	15
6965	15	15
6966	15	15
6967	15	15
6968	15	15
6969	44	15
6970	15	15
6971	15	15
6972	18	15
6973	15	15
6974	64	15
6975	15	15
6976	19	15
6977	15	15
6978	15	15
6979	15	15
6980	15	15
6981	17	15
6982	15	15
6983	15	15
6984	15	15
6985	15	15
6986	8	15
6987	7	15
6988	7	15
6989	7	15
6990	7	15
6991	4	15
6992	4	15
6993	14	15
6994	4	15
6995	4	15
6996	4	15
6997	4	15
6998	4	15
6999	2	15
7000	0	15
7001	0	15
7002	0	15
7003	0	15
7004	4	15
7005	8	15
7006	1	15
7007	9	15
7008	8	15
7009	8	15
7010	0	15
7011	0	15
7012	0	15
7013	19	15
7014	0	15
7015	2	15
7016	1	15
7017	0	15
7018	2	15
7019	0	15
7020	2	15
7021	0	15
7022	0	15
7023	2	15
7024	1	15
7025	1	15
7026	4	15
7027	3	15
7028	2	15
7029	7	15
7030	2	15
7031	1	15
7032	3	15
7033	2	15
7034	3	15
7035	1	15
7036	1	15
7037	1	15
7038	1	15
7039	3	15
7040	1	15
7041	1	15
7042	4	15
7043	1	15
7044	2	15
7045	1	15
7046	1	15
7047	1	15
7048	1	15
7049	1	15
7050	1	15
7051	7	15
7052	7	15
7053	7	15
7054	7	15
7055	7	15
7056	8	15
7057	7	15
7058	7	15
7059	7	15
7060	7	15
7061	7	15
7062	7	15
7063	7	15
7064	7	15
7065	1	15
7066	4	15
7067	0	15
7068	1	15
7069	0	15
7070	0	15
7071	0	15
7072	0	15
7073	0	15
7074	0	15
7075	0	15
7076	0	15
7077	0	15
7078	4	15
7079	2	15
7080	2	15
7081	1	15
7082	2	15
7083	5	15
7084	17	15
7085	2	15
7086	2	15
7087	5	15
7088	5	15
7089	2	15
7090	2	15
7091	2	15
7092	21	15
7093	21	15
7094	5	15
7095	0	15
7096	0	15
7097	0	15
7098	0	15
7099	0	15
7100	0	15
7101	0	15
7102	7	15
7103	0	15
7104	7	15
7105	7	15
7106	7	15
7107	17	15
7108	9	15
7109	7	15
7110	7	15
7111	1	15
7112	1	15
7113	1	15
7114	0	15
7115	3	15
7116	3	15
7117	3	15
7118	3	15
7119	6	15
7120	3	15
7121	3	15
7122	3	15
7123	3	15
7124	3	15
7125	3	15
7126	15	15
7127	40	15
7128	20	15
7129	20	15
7130	20	15
7131	20	15
7132	20	15
7133	13	15
7134	43	15
7135	12	15
7136	2	15
7137	4	15
7138	6	15
7139	1	15
7140	0	15
7141	2	15
7142	4	15
7143	0	15
7144	2	15
7145	0	15
7146	0	15
7147	4	15
7148	3	15
7149	9	15
7150	0	15
7151	5	15
7152	3	15
7153	3	15
7154	3	15
7155	3	15
7156	4	15
7157	3	15
7158	3	15
7159	1	15
7160	1	15
7161	7	15
7162	1	15
7163	1	15
7164	3	15
7165	2	15
7166	0	15
7167	3	15
7168	5	15
7169	5	15
7170	2	15
7171	4	15
7172	8	15
7173	4	15
7174	3	15
7175	4	15
7176	4	15
7177	4	15
7178	4	15
7179	7	15
7180	5	15
7181	2	15
7182	3	15
7183	2	15
7184	3	15
7185	2	15
7186	19	15
7187	2	15
7188	5	15
7189	0	15
7190	18	15
7191	18	15
7192	18	15
7193	18	15
7194	27	15
7195	9	15
7196	1	15
7197	2	15
7198	18	15
7199	2	15
7200	7	15
7201	0	15
7202	4	15
7203	6	15
7204	6	15
7205	6	15
7206	14	15
7207	1	15
7208	6	15
7209	9	15
7210	13	15
7211	6	15
7212	15	15
7213	18	15
7214	12	15
7215	12	15
7216	12	15
7217	12	15
7218	13	15
7219	12	15
7220	13	15
7221	12	15
7222	12	15
7223	6	15
7224	14	15
7225	5	15
7226	6	15
7227	7	15
7228	12	15
7229	7	15
7230	7	15
7231	10	15
7232	4	15
7233	8	15
7234	14	15
7235	19	15
7236	18	15
7237	18	15
7238	18	15
7239	18	15
7240	19	15
7241	18	15
7242	18	15
7243	18	15
7244	18	15
7245	18	15
7246	17	15
7247	18	15
7248	17	15
7249	17	15
7250	18	15
7251	18	15
7252	33	15
7253	33	15
7254	33	15
7255	33	15
7256	33	15
7257	33	15
7258	33	15
7259	33	15
7260	33	15
7261	33	15
7262	33	15
7263	36	15
7264	33	15
7265	33	15
7266	33	15
7267	33	15
7268	33	15
7269	33	15
7270	33	15
7271	0	15
7272	33	15
7273	33	15
7274	33	15
7275	66	15
7276	33	15
7277	125	15
7278	11	15
7279	11	15
7280	11	15
7281	11	15
7282	4	15
7283	4	15
7284	5	15
7285	1	15
7286	5	15
7287	0	15
7288	0	15
7289	0	15
7290	0	15
7291	0	15
7292	1	15
7293	0	15
7294	0	15
7295	0	15
7296	0	15
7297	0	15
7298	3	15
7299	15	15
7300	15	15
7301	17	15
7302	8	15
7303	2	15
7304	8	15
7305	0	15
7306	12	15
7307	0	15
7308	0	15
7309	0	15
7310	1	15
7311	2	15
7312	1	15
7313	2	15
7314	7	15
7315	3	15
7316	2	15
7317	1	15
7318	3	15
7319	1	15
7320	11	15
7321	5	15
7322	11	15
7323	15	15
7324	33	15
7325	11	15
7326	11	15
7327	11	15
7328	11	15
7329	11	15
7330	0	15
7331	3	15
7332	2	15
7333	2	15
7334	4	15
7335	15	15
7336	15	15
7337	15	15
7338	3	15
7339	3	15
7340	3	15
7341	0	15
7342	0	15
7343	15	15
7344	4	15
7345	8	15
7346	15	15
7347	7	15
7348	7	15
7349	15	15
7350	2	15
7351	9	15
7352	9	15
7353	9	15
7354	9	15
7355	9	15
7356	8	15
7357	15	15
7358	7	15
7359	1	15
7360	2	15
7361	3	15
7362	1	15
7363	3	15
7364	7	15
7365	7	15
7366	7	15
7367	3	15
7368	7	15
7369	19	15
7370	9	15
7371	15	15
7372	7	15
7373	15	15
7374	15	15
7375	11	15
7376	0	15
7377	3	15
7378	3	15
7379	5	15
7380	8	15
7381	16	15
7382	5	15
7383	7	15
7384	14	15
7385	15	15
7386	0	15
7387	0	15
7388	4	15
7389	1	15
7390	7	37
7391	2	37
7392	0	37
7393	0	37
7394	0	37
7395	0	37
7396	11	37
7397	0	37
7398	7	37
7399	5	37
7400	4	37
7401	1	37
7402	0	37
7403	1	37
7404	0	37
7405	0	37
7406	1	37
7407	5	37
7408	10	37
7409	6	37
7410	2	37
7411	3	37
7412	9	37
7413	3	37
7414	7	37
7415	17	37
7416	0	37
7417	4	37
7418	7	37
7419	6	37
7420	1	37
7421	4	37
7422	0	37
7423	3	37
7424	1	37
7425	0	37
7426	13	37
7427	0	37
7428	0	37
7429	5	37
7430	6	37
7431	0	37
7432	0	37
7433	1	37
7434	22	37
7435	3	37
7436	0	37
7437	0	37
7438	3	49
7439	0	49
7440	8	49
7441	3	49
7442	4	49
7443	1	49
7444	11	49
7445	43	49
7446	5	49
7447	2	49
7448	0	49
7449	4	49
7450	2	49
7451	1	49
7452	2	49
7453	20	49
7454	8	49
7455	4	49
7456	1	49
7457	145	49
7458	7	49
7459	3	49
7460	2	49
7461	3	49
7462	6	49
7463	27	49
7464	0	49
7465	1	49
7466	2	49
7467	4	49
7468	7	49
7469	4	49
7470	49	49
7471	16	49
7472	0	49
7473	2	49
7474	0	49
7475	7	49
7476	15	49
7477	0	49
7478	0	49
7479	7	49
7480	0	39
7481	31	39
7482	32	39
7483	36	39
7484	31	39
7485	31	39
7486	31	39
7487	31	39
7488	31	39
7489	31	39
7490	31	39
7491	0	39
7492	0	39
7493	0	39
7494	35	39
7495	0	39
7496	0	39
7497	0	39
7498	31	39
7499	31	39
7500	31	39
7501	31	39
7502	0	39
7503	34	39
7504	0	39
7505	31	39
7506	0	39
7507	0	39
7508	31	39
7509	31	39
7510	31	39
7511	31	39
7512	38	39
7513	0	39
7514	0	39
7515	0	39
7516	31	39
7517	31	39
7518	1	39
7519	32	39
7520	0	39
7521	0	39
7522	31	39
7523	1	39
7524	0	39
7525	0	39
7526	31	39
7527	0	39
7528	0	39
7529	0	39
7530	31	39
7531	0	39
7532	31	39
7533	0	39
7534	0	39
7535	31	39
7536	0	39
7537	31	39
7538	1	39
7539	0	39
7540	31	39
7541	31	39
7542	32	39
7543	0	39
7544	31	39
7545	31	39
7546	35	39
7547	0	39
7548	0	39
7549	31	39
7550	0	39
7551	31	39
7552	31	39
7553	31	39
7554	0	39
7555	0	39
7556	0	39
7557	39	39
7558	0	39
7559	31	39
7560	0	39
7561	3	39
7562	0	39
7563	31	39
7564	0	39
7565	31	39
7566	31	39
7567	0	39
7568	31	39
7569	31	39
7570	0	39
7571	31	39
7572	0	39
7573	0	39
7574	0	39
7575	0	39
7576	0	39
7577	0	39
7578	0	39
7579	0	39
7580	36	39
7581	31	39
7582	42	39
7583	0	39
7584	18	39
7585	0	39
7586	0	39
7587	31	39
7588	0	39
7589	0	39
7590	1	39
7591	0	39
7592	0	70
7593	0	70
7594	0	70
7595	0	70
7596	1	70
7597	0	70
7598	0	70
7599	16	70
7600	27	70
7601	0	70
7602	2	70
7603	0	70
7604	0	70
7605	0	70
7606	0	70
7607	0	70
7608	0	70
7609	0	70
7610	0	70
7611	0	70
7612	1	70
7613	0	70
7614	0	70
7615	0	70
7616	0	70
7617	0	70
7618	0	70
7619	0	70
7620	0	70
7621	3	70
7622	0	70
7623	0	70
7624	0	70
7625	0	70
7626	0	70
7627	0	70
7628	0	70
7629	0	70
7630	2	70
7631	2	70
7632	8	70
7633	0	70
7634	0	70
7635	0	70
7636	27	70
7637	1	70
7638	5	70
7639	1	70
7640	0	70
7641	0	70
7642	0	70
7643	0	70
7644	1	70
7645	0	70
7646	11	70
7647	0	70
7648	3	70
7649	6	70
7650	7	70
7651	0	70
7652	0	70
7653	0	70
7654	0	70
7655	1	70
7656	0	70
7657	0	70
7658	0	70
7659	4	70
7660	1	70
7661	0	70
7662	0	70
7663	0	70
7664	0	70
7665	0	70
7666	0	70
7667	0	70
7668	3	70
7669	0	70
7670	0	70
7671	0	70
7672	1	70
7673	0	70
7674	2	70
7675	1	70
7676	0	70
7677	0	70
7678	0	70
7679	6	70
7680	0	70
7681	0	70
7682	0	70
7683	0	70
7684	0	70
7685	2	70
7686	2	70
7687	0	70
7688	0	70
7689	1	70
7690	1	70
7691	2	70
7692	6	70
7693	3	70
7694	0	70
7695	2	70
7696	0	70
7697	0	70
7698	2	70
7699	0	70
7700	1	70
7701	5	70
7702	21	70
7703	0	70
7704	1	70
7705	0	70
7706	32	70
7707	51	70
7708	22	70
7709	52	70
7710	1	70
7711	121	70
7712	0	70
7713	1	70
7714	0	70
7715	1	70
7716	0	70
7717	0	70
7718	0	70
7719	11	70
7720	0	70
7721	9	70
7722	2	70
7723	0	70
7724	0	70
7725	0	70
7726	0	70
7727	0	70
7728	0	70
7729	1	70
7730	0	70
7731	0	70
7732	0	70
7733	0	70
7734	0	70
7735	0	70
7736	0	70
7737	0	70
7738	0	70
7739	0	70
7740	0	70
7741	0	70
7742	0	70
7743	0	70
7744	0	70
7745	0	70
7746	0	70
7747	0	70
7748	0	70
7749	1	70
7750	0	70
7751	0	70
7752	0	70
7753	0	70
7754	0	70
7755	0	70
7756	0	70
7757	0	70
7758	1	70
7759	1	70
7760	0	70
7761	0	70
7762	0	70
7763	0	70
7764	0	70
7765	0	70
7766	0	70
7767	0	70
7768	0	70
7769	0	70
7770	0	70
7771	0	70
7772	0	70
7773	0	70
7774	0	70
7775	0	70
7776	0	70
7777	2	70
7778	0	51
7779	7	51
7780	32	51
7781	0	51
7782	0	51
7783	4	51
7784	10	51
7785	8	51
7786	0	51
7787	0	51
7788	15	51
7789	5	51
7790	1	51
7791	0	51
7792	0	51
7793	5	51
7794	15	51
7795	4	51
7796	0	51
7797	23	51
7798	0	51
7799	0	51
7800	14	51
7801	1	51
7802	0	51
7803	6	51
7804	1	51
7805	4	51
7806	0	51
7807	0	51
7808	3	51
7809	3	51
7810	0	51
7811	0	51
7812	7	51
7813	0	51
7814	0	51
7815	13	51
7816	2	51
7817	1	51
7818	5	51
7819	2	51
7820	1	51
7821	0	0
7822	0	51
7823	2	51
7824	15	51
7825	1	51
7826	9	51
7827	18	51
7828	91	51
7829	21	51
7830	0	51
7831	26	51
7832	3	51
7833	1	51
7834	18	51
7835	0	51
7836	0	51
7837	0	51
7838	0	51
7839	16	51
7840	5	51
7841	2	51
7842	14	51
7843	0	51
7844	30	51
7845	3	51
7846	4	51
7847	0	51
7848	0	0
7849	1	51
7850	0	51
7851	1	51
7852	0	51
7853	9	51
7854	0	51
7855	0	51
7856	6	51
7857	0	51
7858	2	0
7859	0	0
7860	3	51
7861	7	51
7862	0	51
7863	18	51
7864	2	51
7865	0	51
7866	1	51
7867	1	51
7868	4	51
7869	123	51
7870	2	51
7871	20	51
7872	19	51
7873	13	51
7874	18	51
7875	0	51
7876	1	51
7877	0	51
7878	0	51
7879	20	51
7880	27	51
7881	65	51
7882	0	51
7883	0	51
7884	0	51
7885	0	51
7886	0	51
7887	6	0
7888	0	51
7889	10	51
7890	3	51
7891	0	51
7892	0	51
7893	0	51
7894	4	51
7895	3	51
7896	10	0
7897	1	51
7898	0	51
7899	0	51
7900	3	51
7901	0	51
7902	0	51
7903	1	51
7904	2	51
7905	0	51
7906	4	51
7907	0	51
7908	1	51
7909	0	51
7910	10	51
7911	9	51
7912	0	51
7913	4	51
7914	5	51
7915	17	51
7916	0	51
7917	2	51
7918	1	51
7919	1	51
7920	4	51
7921	12	51
7922	0	51
7923	0	0
7924	9	51
7925	3	51
7926	0	51
7927	0	51
7928	0	51
7929	0	51
7930	7	51
7931	0	51
7932	0	51
7933	12	51
7934	0	51
7935	0	51
7936	0	51
7937	0	51
7938	4	51
7939	16	51
7940	18	51
7941	0	51
7942	0	51
7943	9	51
7944	4	51
7945	10	51
7946	4	51
7947	0	51
7948	2	51
7949	0	51
7950	0	51
7951	1	51
7952	5	51
7953	0	51
7954	0	51
7955	0	51
7956	0	51
7957	4	51
7958	13	51
7959	3	51
7960	5	51
7961	0	51
7962	13	51
7963	2	51
7964	6	51
7965	0	51
7966	8	51
7967	4	51
7968	6	51
7969	0	51
7970	3	51
7971	0	0
7972	0	51
7973	2	51
7974	20	51
7975	17	51
7976	16	51
7977	0	51
7978	4	51
7979	16	51
7980	1	51
7981	16	51
7982	7	51
7983	0	51
7984	2	51
7985	2	51
7986	0	51
7987	7	51
7988	0	51
7989	20	51
7990	0	0
7991	1	51
7992	14	51
7993	0	51
7994	4	51
7995	2	51
7996	3	51
7997	0	51
7998	5	51
7999	0	51
8000	0	51
8001	0	0
8002	2	51
8003	0	51
8004	0	51
8005	16	51
8006	1	51
8007	26	51
8008	7	51
8009	0	51
8010	0	51
8011	0	51
8012	0	51
8013	0	51
8014	1	51
8015	15	51
8016	0	51
8017	0	51
8018	18	51
8019	0	51
8020	30	53
8021	23	51
8022	1	51
8023	0	51
8024	2	51
8025	1	51
8026	3	51
8027	0	51
8028	6	51
8029	6	51
8030	0	51
8031	4	51
8032	11	51
8033	0	51
8034	15	51
8035	2	51
8036	0	51
8037	14	51
8038	0	51
8039	0	51
8040	3	51
8041	1	51
8042	0	51
8043	1	51
8044	0	0
8045	16	51
8046	5	51
8047	0	51
8048	16	51
8049	0	51
8050	0	51
8051	0	51
8052	0	51
8053	0	51
8054	7	51
8055	4	51
8056	48	51
8057	4	51
8058	34	51
8059	1	51
8060	6	51
8061	16	51
8062	17	51
8063	0	51
8064	1	51
8065	0	0
8066	0	51
8067	20	51
8068	0	51
8069	11	51
8070	0	51
8071	0	51
8072	7	51
8073	3	51
8074	0	51
8075	22	51
8076	3	51
8077	2	51
8078	8	51
8079	27	51
8080	0	51
8081	2	51
8082	0	51
8083	22	51
8084	0	51
8085	0	0
8086	11	51
8087	1	51
8088	0	51
8089	1	51
8090	2	51
8091	3	51
8092	0	0
8093	0	51
8094	30	51
8095	0	51
8096	6	51
8097	8	54
8098	7	51
8099	16	51
8100	0	51
8101	2	0
8102	6	51
8103	3	51
8104	13	51
8105	6	51
8106	0	51
8107	1	51
8108	0	51
8109	1	0
8110	2	51
8111	0	51
8112	14	51
8113	14	51
8114	0	51
8115	0	51
8116	0	51
8117	0	51
8118	3	51
8119	4	51
8120	14	51
8121	0	51
8122	93	51
8123	1	51
8124	0	51
8125	0	51
8126	0	0
8127	0	51
8128	0	51
8129	0	51
8130	2	51
8131	4	51
8132	1	51
8133	1	51
8134	1	51
8135	13	51
8136	0	51
8137	0	51
8138	0	51
8139	3	51
8140	0	51
8141	15	51
8142	0	51
8143	8	51
8144	14	51
8145	0	51
8146	3	51
8147	0	51
8148	0	51
8149	12	51
8150	3	51
8151	0	51
8152	0	51
8153	18	51
8154	10	51
8155	1	51
8156	17	51
8157	9	51
8158	0	51
8159	10	51
8160	0	51
8161	0	51
8162	5	51
8163	0	51
8164	2	51
8165	0	51
8166	16	51
8167	0	0
8168	20	51
8169	0	51
8170	6	51
8171	4	51
8172	1	51
8173	3	51
8174	0	51
8175	2	51
8176	0	51
8177	2	51
8178	2	51
8179	25	51
8180	2	51
8181	4	51
8182	0	51
8183	41	51
8184	1	51
8185	0	51
8186	1	51
8187	0	51
8188	0	51
8189	0	51
8190	0	51
8191	1	51
8192	19	51
8193	0	51
8194	0	51
8195	0	51
8196	0	51
8197	0	51
8198	0	51
8199	1	51
8200	0	51
8201	0	51
8202	0	51
8203	0	51
8204	7	51
8205	0	51
8206	0	51
8207	1	51
8208	3	51
8209	0	51
8210	3	51
8211	4	51
8212	0	51
8213	0	51
8214	1	51
8215	1	51
8216	1	51
8217	1	0
8218	0	51
8219	0	51
8220	1	51
8221	1	51
8222	0	51
8223	0	51
8224	1	51
8225	0	51
8226	1	51
8227	0	51
8228	0	0
8229	0	0
8230	0	51
8231	0	51
8232	0	0
8233	2	51
8234	1	50
8235	14	51
8236	0	0
8237	2	51
8238	0	51
8239	0	51
8240	4	51
8241	5	0
8242	4	51
8243	0	51
8244	0	51
8245	9	51
8246	11	51
8247	1	51
8248	0	51
8249	0	51
8250	4	51
8251	0	51
8252	5	51
8253	1	51
8254	0	51
8255	0	51
8256	0	51
8257	4	51
8258	0	51
8259	1	51
8260	0	51
8261	0	51
8262	0	51
8263	1	51
8264	0	51
8265	1	51
8266	27	51
8267	0	51
8268	0	51
8269	0	51
8270	0	51
8271	1	51
8272	0	51
8273	7	51
8274	1	51
8275	0	51
8276	0	51
8277	2	51
8278	1	51
8279	0	51
8280	8	51
8281	2	51
8282	0	51
8283	0	51
8284	1	51
8285	1	51
8286	0	51
8287	0	51
8288	0	0
8289	4	51
8290	3	51
8291	2	51
8292	0	51
8293	4	51
8294	3	51
8295	0	0
8296	1	51
8297	0	51
8298	4	51
8299	2	51
8300	0	51
8301	0	51
8302	10	51
8303	0	0
8304	2	51
8305	0	51
8306	0	51
8307	3	51
8308	0	51
8309	0	51
8310	1	51
8311	1	0
8312	0	51
8313	9	0
8314	0	51
8315	0	51
8316	1	0
8317	0	0
8318	1	0
8319	2	51
8320	0	51
8321	0	51
8322	1	51
8323	2	0
8324	0	51
8325	0	51
8326	1	51
8327	0	0
8328	0	0
8329	16	51
8330	0	0
8331	6	0
8332	0	0
8333	1	0
8334	0	41
8335	0	41
8336	0	41
8337	0	41
8338	16	41
8339	0	41
8340	1	41
8341	0	41
8342	0	41
8343	0	41
8344	7	41
8345	0	41
8346	0	41
8347	0	41
8348	0	41
8349	0	41
8350	12	52
8351	0	41
8352	0	41
8353	0	41
8354	1	41
8355	0	41
8356	1	41
8357	0	41
8358	0	41
8359	0	41
8360	0	41
8361	0	41
8362	0	41
8363	1	41
8364	0	41
8365	0	41
8366	0	41
8367	0	41
8368	0	41
8369	0	41
8370	0	41
8371	0	41
8372	0	41
8373	0	41
8374	0	41
8375	0	41
8376	0	41
8377	0	41
8378	30	44
8379	34	41
8380	0	41
8381	5	41
8382	3	47
8383	2	41
8384	6	41
8385	0	41
8386	0	41
8387	2	41
8388	34	41
8389	0	41
8390	5	41
8391	10	41
8392	0	41
8393	2	41
8394	2	41
8395	4	41
8396	5	41
8397	0	41
8398	16	48
8399	2	41
8400	1	41
8401	0	41
8402	0	34
8403	0	41
8404	6	35
8405	0	41
8406	3	41
8407	34	5
8408	6	5
8409	0	5
8410	2	5
8411	43	5
8412	2	5
8413	1	5
8414	3	5
8415	1	5
8416	2	5
8417	9	5
8418	3	5
8419	2	5
8420	34	5
8421	7	5
8422	1	5
8423	15	5
8424	10	5
8425	1	5
8426	0	5
8427	21	5
8428	5	5
8429	8	5
8430	3	5
8431	3	5
8432	71	5
8433	27	5
8434	2	5
8435	5	5
8436	5	5
8437	7	5
8438	2	5
8439	0	5
8440	10	5
8441	31	5
8442	4	5
8443	3	5
8444	6	5
8445	16	5
8446	5	5
8447	6	5
8448	1	5
8449	51	5
8450	0	5
8451	2	5
8452	8	5
8453	4	5
8454	4	5
8455	0	5
8456	9	5
8457	0	5
8458	7	5
8459	20	5
8460	8	5
8461	4	5
8462	7	5
8463	0	5
8464	3	5
8465	3	5
8466	7	5
8467	7	5
8468	4	5
8469	37	5
8470	5	5
8471	13	5
8472	0	5
8473	12	5
8474	8	5
8475	14	5
8476	4	5
8477	13	5
8478	2	5
8479	10	5
8480	14	5
8481	14	5
8482	6	5
8483	4	5
8484	9	5
8485	5	5
8486	13	5
8487	53	5
8488	9	5
8489	14	5
8490	4	5
8491	39	5
8492	1	5
8493	9	5
8494	0	5
8495	0	5
8496	1	5
8497	0	5
8498	0	1
8499	1	57
8500	1	1
8501	0	0
8502	0	1
8503	0	0
8504	0	57
8505	1	57
8506	0	1
8507	5	57
8508	4	57
8509	0	1
8510	0	0
8511	1	57
8512	1	57
8513	20	57
8514	2	57
8515	1	57
8516	1	57
8517	0	0
8518	10	57
8519	1	57
8520	1	57
8521	1	57
8522	1	57
8523	1	57
8524	0	57
8525	2	57
8526	4	57
8527	0	57
8528	0	57
8529	1	57
8530	0	57
8531	0	0
8532	2	1
8533	2	57
8534	1	57
8535	1	57
8536	9	57
8537	1	57
8538	0	57
8539	1	57
8540	0	57
8541	2	57
8542	1	57
8543	0	57
8544	1	57
8545	1	57
8546	1	57
8547	1	57
8548	1	57
8549	2	57
8550	1	57
8551	0	57
8552	1	57
8553	1	57
8554	1	57
8555	1	57
8556	1	57
8557	1	57
8558	1	57
8559	0	0
8560	0	0
8561	1	57
8562	1	57
8563	1	57
8564	1	57
8565	1	0
8566	0	0
8567	1	57
8568	0	0
8569	1	57
8570	11	15
8571	1	57
8572	2	57
8573	1	57
8574	3	57
8575	0	0
8576	1	57
8577	1	57
8578	1	57
8579	1	57
8580	0	1
8581	1	57
8582	1	57
8583	2	57
8584	1	57
8585	0	57
8586	1	57
8587	1	57
8588	2	57
8589	1	57
8590	1	57
8591	1	57
8592	1	57
8593	1	57
8594	1	57
8595	0	0
8596	1	57
8597	1	57
8598	0	57
8599	0	57
8600	1	57
8601	1	57
8602	2	57
8603	0	57
8604	0	57
8605	0	57
8606	1	57
8607	4	57
8608	1	57
8609	1	57
8610	0	57
8611	7	57
8612	0	0
8613	5	57
8614	1	57
8615	1	57
8616	6	57
8617	0	0
8618	1	57
8619	1	57
8620	1	57
8621	3	57
8622	1	57
8623	13	57
8624	0	57
8625	1	57
8626	2	57
8627	1	57
8628	0	1
8629	2	57
8630	2	57
8631	0	0
8632	1	57
8633	0	1
8634	1	57
8635	1	57
8636	3	57
8637	1	57
8638	0	0
8639	1	57
8640	0	57
8641	0	57
8642	2	57
8643	0	57
8644	0	1
8645	0	57
8646	0	1
8647	0	0
8648	0	0
8649	0	57
8650	0	1
8651	1	57
8652	1	57
8653	0	1
8654	0	57
8655	2	1
8656	0	57
8657	13	57
8658	0	57
8659	0	0
8660	1	57
8661	0	0
8662	1	1
8663	1	57
8664	0	57
8665	1	57
8666	1	57
8667	0	57
8668	0	0
8669	0	1
8670	0	1
8671	0	0
8672	0	0
8673	0	0
8674	0	57
8675	1	57
8676	1	57
8677	0	0
8678	0	57
8679	0	0
8680	9	15
8681	0	15
8682	0	15
8683	2	15
8684	0	15
8685	1	15
8686	0	15
8687	0	15
8688	4	15
8689	0	15
8690	0	15
8691	0	15
8692	0	15
8693	0	15
8694	1	15
8695	0	15
8696	0	15
8697	5	15
8698	12	15
8699	17	15
8700	38	15
8701	6	15
8702	4	15
8703	30	15
8704	14	15
8705	0	15
8706	4	15
8707	0	0
8708	13	15
8709	2	15
8710	10	15
8711	7	15
8712	19	15
8713	17	15
8714	22	15
8715	11	15
8716	26	15
8717	20	15
8718	9	15
8719	12	15
8720	18	15
8721	11	15
8722	18	15
8723	72	15
8724	51	15
8725	23	15
8726	7	15
8727	1	15
8728	38	15
8729	95	15
8730	46	15
8731	35	15
8732	7	15
8733	44	15
8734	80	15
8735	26	15
8736	0	15
8737	9	15
8738	10	15
8739	7	15
8740	21	15
8741	0	15
8742	7	46
8743	1	46
8744	4	46
8745	3	46
8746	1	46
8747	5	46
8748	4	46
8749	2	46
8750	7	46
8751	27	46
8752	1	46
8753	5	46
8754	3	46
8755	15	46
8756	4	46
8757	4	46
8758	4	46
8759	1	46
8760	5	46
8761	4	46
8762	15	46
8763	18	46
8764	11	46
8765	5	46
8766	6	46
8767	5	46
8768	1	46
8769	6	46
8770	5	46
8771	1	46
8772	5	46
8773	5	46
8774	5	46
8775	15	46
8776	4	46
8777	0	46
8778	4	46
8779	7	46
8780	87	46
8781	4	46
8782	0	46
8783	10	46
8784	6	46
8785	15	46
8786	6	46
8787	7	46
8788	4	46
8789	0	46
8790	5	46
8791	5	46
8792	11	46
8793	4	46
8794	5	46
8795	4	46
8796	6	46
8797	4	46
8798	0	46
8799	3	46
8800	5	46
8801	7	46
8802	4	46
8803	6	46
8804	3	46
8805	8	46
8806	7	46
8807	5	46
8808	6	46
8809	4	46
8810	4	46
8811	5	46
8812	4	46
8813	4	46
8814	3	46
8815	6	46
8816	4	46
8817	0	46
8818	15	46
8819	4	46
8820	7	46
8821	15	46
8822	11	46
8823	28	46
8824	1	46
8825	7	46
8826	6	46
8827	4	46
8828	6	46
8829	4	46
8830	69	46
8831	0	46
8832	3	46
8833	4	46
8834	4	46
8835	5	46
8836	5	46
8837	4	46
8838	2	46
8839	0	46
8840	11	46
8841	4	46
8842	3	46
8843	1	46
8844	5	46
8845	5	46
8846	7	46
8847	7	46
8848	20	46
8849	4	46
8850	15	46
8851	8	46
8852	1	46
8853	4	46
8854	2	46
8855	7	46
8856	3	46
8857	4	46
8858	0	46
8859	0	46
8860	6	46
8861	15	46
8862	5	46
8863	0	46
8864	0	46
8865	3	46
8866	4	46
8867	15	46
8868	1	46
8869	4	46
8870	14	46
8871	4	46
8872	0	46
8873	0	46
8874	4	46
8875	0	46
8876	20	46
8877	0	46
8878	3	46
8879	5	46
8880	3	46
8881	0	46
8882	4	46
8883	15	46
8884	63	46
8885	16	46
8886	4	46
8887	0	46
8888	4	46
8889	1	46
8890	5	46
8891	15	46
8892	7	46
8893	4	46
8894	3	46
8895	5	46
8896	0	46
8897	5	46
8898	7	46
8899	4	46
8900	11	46
8901	3	46
8902	4	46
8903	3	46
8904	0	46
8905	4	46
8906	16	46
8907	6	46
8908	0	46
8909	6	46
8910	7	46
8911	12	46
8912	4	46
8913	107	46
8914	4	46
8915	10	46
8916	15	46
8917	10	46
8918	4	46
8919	2	46
8920	53	46
8921	8	46
8922	7	46
8923	0	46
8924	4	46
8925	8	46
8926	0	46
8927	5	46
8928	4	46
8929	9	46
8930	6	46
8931	6	46
8932	0	46
8933	6	46
8934	7	46
8935	3	46
8936	0	46
8937	6	46
8938	7	46
8939	4	46
8940	0	46
8941	3	46
8942	4	46
8943	0	46
8944	4	46
8945	6	46
8946	8	46
8947	0	46
8948	13	46
8949	3	46
8950	3	46
8951	4	46
8952	1	46
8953	0	46
8954	4	46
8955	10	46
8956	0	46
8957	4	46
8958	14	46
8959	0	46
8960	7	46
8961	0	46
8962	0	46
8963	4	46
8964	4	46
8965	4	46
8966	15	46
8967	4	46
8968	0	46
8969	2	46
8970	0	46
8971	5	46
8972	4	46
8973	6	46
8974	6	46
8975	6	46
8976	0	46
8977	3	46
8978	5	46
8979	5	46
8980	4	46
8981	15	46
8982	0	46
8983	4	46
8984	2	46
8985	5	46
8986	0	46
8987	4	46
8988	9	46
8989	7	46
8990	4	46
8991	5	46
8992	4	46
8993	0	46
8994	8	46
8995	4	46
8996	4	46
8997	4	46
8998	24	46
8999	4	46
9000	3	46
9001	4	46
9002	3	46
9003	12	46
9004	5	46
9005	15	46
9006	3	46
9007	4	46
9008	5	46
9009	0	46
9010	5	46
9011	4	46
9012	6	46
9013	1	46
9014	15	46
9015	6	46
9016	4	46
9017	4	46
9018	7	46
9019	7	46
9020	7	46
9021	0	46
9022	4	46
9023	3	46
9024	9	46
9025	15	46
9026	0	46
9027	7	46
9028	7	46
9029	0	46
9030	7	46
9031	1	46
9032	4	46
9033	3	46
9034	4	46
9035	8	46
9036	1	46
9037	5	46
9038	0	46
9039	8	46
9040	4	46
9041	15	46
9042	8	46
9043	0	46
9044	6	46
9045	7	46
9046	7	46
9047	3	46
9048	10	46
9049	10	46
9050	1	46
9051	13	46
9052	20	46
9053	8	46
9054	7	46
9055	0	46
9056	0	46
9057	3	46
9058	2	46
9059	0	46
9060	4	46
9061	0	46
9062	4	46
9063	1	46
9064	15	46
9065	2	46
9066	15	46
9067	9	46
9068	9	46
9069	7	46
9070	0	46
9071	4	46
9072	4	46
9073	15	46
9074	3	46
9075	3	46
9076	1	46
9077	4	46
9078	4	46
9079	0	46
9080	7	46
9081	7	46
9082	4	46
9083	3	46
9084	6	46
9085	7	46
9086	3	46
9087	0	46
9088	0	46
9089	1	46
9090	3	46
9091	7	46
9092	3	46
9093	8	46
9094	6	46
9095	0	46
9096	1	46
9097	0	46
9098	4	46
9099	5	46
9100	15	46
9101	3	46
9102	4	46
9103	3	46
9104	6	46
9105	0	46
9106	0	46
9107	15	46
9108	15	46
9109	0	46
9110	14	46
9111	3	46
9112	1	46
9113	7	46
9114	6	46
9115	6	46
9116	5	46
9117	8	46
9118	0	46
9119	0	46
9120	1	46
9121	15	46
9122	2	46
9123	11	15
9124	0	15
9125	1	15
9126	26	15
9127	18	15
9128	18	15
9129	18	15
9130	18	15
9131	18	15
9132	0	15
9133	0	15
9134	1	15
9135	0	15
9136	0	15
9137	0	15
9138	0	15
9139	0	15
9140	32	15
9141	0	15
9142	0	15
9143	10	15
9144	1	15
9145	0	15
9146	2	15
9147	2	15
9148	1	15
9149	0	15
9150	3	15
9151	0	15
9152	0	15
9153	0	15
9154	0	15
9155	1	15
9156	0	15
9157	0	15
9158	0	15
9159	0	15
9160	4	15
9161	17	15
9162	0	15
9163	0	15
9164	0	15
9165	0	15
9166	0	15
9167	0	15
9168	1	15
9169	0	15
9170	5	15
9171	5	15
9172	5	15
9173	27	15
9174	5	15
9175	5	15
9176	1	15
9177	5	15
9178	6	15
9179	3	15
9180	3	15
9181	0	15
9182	2	15
9183	0	15
9184	0	15
9185	0	15
9186	0	15
9187	17	15
9188	0	15
9189	0	15
9190	0	15
9191	0	15
9192	0	15
9193	2	15
9194	21	15
9195	0	15
9196	1	15
9197	1	15
9198	0	15
9199	1	15
9200	0	15
9201	0	15
9202	0	15
9203	1	15
9204	0	15
9205	0	15
9206	0	15
9207	18	15
9208	19	15
9209	18	15
9210	0	15
9211	0	15
9212	0	15
9213	0	15
9214	0	15
9215	2	15
9216	0	15
9217	0	15
9218	0	15
9219	18	15
9220	2	78
9221	25	78
9222	3	78
9223	6	78
9224	7	78
9225	3	78
9226	3	78
9227	10	78
9228	8	78
9229	2	78
9230	3	78
9231	11	78
9232	2	78
9233	2	78
9234	3	78
9235	3	78
9236	2	78
9237	3	78
9238	4	78
9239	11	78
9240	3	78
9241	2	78
9242	3	78
